Segment_ID,component_1,component_2,component_3,component_4,component_5
AA_62.0_13-Jan-2000_04:36,0.024124249620081764,0.03427537177496885,0.8596710571015884,0.006541822436795388,0.0753874990665655
AA_62.0_13-Jan-2000_04:59,0.032279402031824354,0.008993244611194147,0.904172463643341,0.009539706519245163,0.04501518319439543
AA_62.0_13-Jan-2000_05:22,0.0024184127998971043,0.012025322365656281,0.802244217784957,0.008385363462714852,0.17492668358677474
AA_62.0_13-Jan-2000_05:45,0.02213665343699946,0.0,0.9704113011634177,0.0,0.0074520453995829345
AA_62.0_13-Jan-2000_06:17,0.0726320630375445,0.013603455711052618,0.9137644812514029,0.0,0.0
AA_62.0_13-Jan-2000_06:41,0.045340773004829554,0.005532941187744953,0.7436949303535929,0.0,0.20543135545383256
AA_62.0_13-Jan-2000_07:05,0.06662692747867546,0.00706589305439842,0.8472494276653155,0.0,0.07905775180161057
AA_62.0_13-Jan-2000_07:29,0.03922066657129248,0.011030500282397425,0.9497488331463101,0.0,0.0
AA_62.0_13-Jan-2000_07:52,0.027468766937640807,0.032231175406967114,0.8618527269973776,0.0,0.0784473306580144
AA_62.0_13-Jan-2000_08:16,0.02600263703915535,0.022487383024006036,0.8469924565765561,0.0,0.10451752336028253
AA_62.0_13-Jan-2000_08:40,0.04232343370506472,0.011524173639138767,0.9164245518169151,0.0038634649181708875,0.025864375920710475
AA_62.0_13-Jan-2000_09:04,0.1263157707588882,0.0070823789502069655,0.847597805514749,0.0,0.019004044776155884
AA_62.0_13-Jan-2000_09:28,0.11554713295193608,0.037488013282688214,0.8469648537653757,0.0,0.0
AA_62.0_13-Jan-2000_09:52,0.08907036822691151,0.0062509213812847195,0.8581074276472551,0.0,0.0465712827445487
AA_62.0_13-Jan-2000_10:15,0.08793301275745516,0.010758701426106373,0.7769184810552956,0.0,0.12438980476114289
AA_62.0_13-Jan-2000_10:39,0.08100784913916917,0.014975579153488877,0.904016571707342,0.0,0.0
AA_62.0_13-Jan-2000_11:02,0.1008772539790127,0.02112766241400402,0.8779950836069833,0.0,0.0
AA_62.0_13-Jan-2000_11:25,0.12636816982818713,0.018128247266123672,0.8555035829056893,0.0,0.0
AA_62.0_13-Jan-2000_11:48,0.1423875831667107,0.00723360252639321,0.8499334058946575,0.0004454084122385898,0.0
AA_62.0_13-Jan-2000_12:10,0.14133524771484432,0.04094338844964844,0.8110880440678683,0.0066333197676391,0.0
AA_62.0_13-Jan-2000_12:32,0.19012348482491712,0.04772689716270263,0.7345707791035719,0.02757883890880838,0.0
AA_62.0_13-Jan-2000_12:54,0.12581008810591682,0.05623409849515612,0.81775323940401,0.00020257399491714235,0.0
AA_62.0_13-Jan-2000_13:16,0.14030082407075342,0.19218172688596524,0.37785943599690947,0.005170746412477959,0.28448726663389395
AA_62.0_13-Jan-2000_13:38,0.22830812639855472,0.12543917305057253,0.6328613980949619,0.013391302455910943,0.0
AA_62.0_13-Jan-2000_13:59,0.04451521132280623,0.13960386695389218,0.34981238150430316,0.028482416667342123,0.43758612355165627
AA_62.0_13-Jan-2000_14:21,0.20457675435598507,0.041324171479322956,0.7450368605985094,0.00906221356618263,0.0
AA_62.0_13-Jan-2000_14:42,0.19675872293693872,0.047613464970928436,0.7267564674554331,0.028871344636699894,0.0
AA_62.0_13-Jan-2000_15:10,0.20992541911376536,0.0485129373947022,0.6654391104497689,0.07612253304176363,0.0
AA_63.0_13-Jan-2000_16:51,0.03375899971563095,0.021562662593172358,0.932838718785918,0.011839618905278735,0.0
AA_63.0_13-Jan-2000_17:17,0.03385225869281481,0.02816083963107906,0.9379869016761061,0.0,0.0
AA_63.0_13-Jan-2000_17:39,0.06149107485061965,0.024101827148330444,0.9144070980010499,0.0,0.0
AA_63.0_13-Jan-2000_18:00,0.1364894574533561,0.06582548718728967,0.7216253611275443,0.0,0.07605969423181004
AA_63.0_13-Jan-2000_18:21,0.10477169612285714,0.061113371511927216,0.7060871352156896,0.0,0.12802779714952608
AA_63.0_13-Jan-2000_18:43,0.12906693462317184,0.03522480087254826,0.8357082645042799,0.0,0.0
AA_63.0_13-Jan-2000_19:05,0.17864397159828638,0.04950974052700108,0.6103807990647349,0.0,0.16146548880997766
AA_63.0_13-Jan-2000_19:26,0.1289886490527615,0.043587912712066516,0.6155901325877499,0.0,0.2118333056474222
AA_63.0_13-Jan-2000_19:48,0.21183533856992676,0.03853993676844567,0.586093571111822,0.0,0.16353115354980557
AA_63.0_13-Jan-2000_20:09,0.2631719042613673,0.02454079319182697,0.711544256271976,0.0,0.0007430462748297747
AA_63.0_13-Jan-2000_20:30,0.19949844103404177,0.028113783770302297,0.5200749136354917,0.0,0.25231286156016414
AA_63.0_13-Jan-2000_20:51,0.13062065349291221,0.05542517921602796,0.40979564044474887,0.0,0.40415852684631093
AA_63.0_13-Jan-2000_21:12,0.2021273521084454,0.01520655903885619,0.4616965736815491,0.0,0.3209695151711493
AA_63.0_13-Jan-2000_21:33,0.23758449737239376,0.022765330647184504,0.4381493266545502,0.0,0.30150084532587157
AA_63.0_13-Jan-2000_21:54,0.1735502187729829,0.0,0.265995883134641,0.0,0.560453898092376
AA_63.0_13-Jan-2000_22:15,0.1511795161898335,0.024404529264075003,0.32840589184296004,0.0,0.49601006270313147
AA_63.0_13-Jan-2000_22:36,0.13244615094244752,0.035853626263674006,0.4456398170807517,0.0,0.3860604057131269
AA_63.0_13-Jan-2000_22:57,0.22612236087512091,0.03441610347724966,0.4309678028892183,0.0,0.30849373275841113
AA_63.0_13-Jan-2000_23:18,0.13652558923335098,0.029927943712544716,0.18839123857367188,0.00446661655248633,0.640688611927946
AA_63.0_13-Jan-2000_23:40,0.09326371556023369,0.02433423104039557,0.23308374420984096,0.0,0.6493183091895298
AA_63.0_14-Jan-2000_00:01,0.1556259033616189,0.013614061715849486,0.3677225489615343,0.0,0.4630374859609972
AA_63.0_14-Jan-2000_00:23,0.12852268220991292,0.011291201771719286,0.2599093539628961,0.0,0.6002767620554716
AA_63.0_14-Jan-2000_00:44,0.0,0.056819442621340636,0.163675812555429,0.0,0.7795047448232303
AA_63.0_14-Jan-2000_01:07,0.20355781374231666,0.0,0.08455964835224154,0.0,0.7118825379054419
AA_63.0_14-Jan-2000_01:31,0.2442784338004265,0.0,0.1925948649884276,0.0,0.563126701211146
AA_63.0_14-Jan-2000_01:49,0.21086271037865223,0.0,0.003152085637220971,0.0,0.7859852039841269
AA_63.0_14-Jan-2000_02:07,0.4319920175227494,0.0,0.0,0.0,0.5680079824772506
AA_63.0_14-Jan-2000_02:27,0.14732623888881777,0.0,0.06637704033470128,0.0,0.7862967207764809
AA_63.0_14-Jan-2000_02:44,0.1687905310221637,0.0,0.15663814330031395,0.0,0.6745713256775224
AA_63.0_14-Jan-2000_03:02,0.2151956733764292,0.0,0.0,0.0,0.7848043266235709
AA_63.0_14-Jan-2000_03:19,0.04203664311945928,0.0012781119789231647,0.12116229919519649,0.0,0.8355229457064212
AA_63.0_14-Jan-2000_03:37,0.10135188937378314,0.0,0.13835975764878014,0.0,0.7602883529774367
AA_63.0_14-Jan-2000_03:55,0.07261893092668299,0.010949568765325438,0.24522703633146967,0.0,0.6712044639765219
AA_63.0_14-Jan-2000_04:12,0.03827681041461993,0.014327614800724678,0.08723034968298024,0.0,0.8601652251016753
AA_63.0_14-Jan-2000_04:30,0.06792568847416389,0.0,0.015064599991123109,0.0,0.917009711534713
AA_63.0_14-Jan-2000_04:47,0.1495642281661185,0.0,0.023287131592292086,0.0,0.8271486402415894
AA_63.0_14-Jan-2000_05:05,0.13935520682696337,0.0,0.04755004899179774,0.0,0.813094744181239
AA_63.0_14-Jan-2000_05:23,0.22214160371460165,0.007514500966225082,0.09464234905183276,0.0,0.6757015462673405
AA_63.0_14-Jan-2000_05:41,0.19661066505282565,0.0,0.06563549353296241,0.0,0.737753841414212
AA_63.0_14-Jan-2000_05:59,0.06739814585928766,0.0,0.10028852886920184,0.0,0.8323133252715105
AA_63.0_14-Jan-2000_06:16,0.0,0.008062875589215708,0.17020793040044918,0.0,0.8217291940103352
AA_63.0_14-Jan-2000_06:34,0.0,0.028947322096114197,0.05349722741062791,0.0,0.9175554504932579
AA_63.0_14-Jan-2000_06:52,0.0,0.024943597373384932,0.14529754971393813,0.0,0.8297588529126769
AA_63.0_14-Jan-2000_07:10,0.0,0.02972073399402449,0.1043102976844867,0.0,0.8659689683214888
AA_63.0_14-Jan-2000_07:28,0.024163997801889114,0.025611563615932028,0.031191139200308915,0.0,0.91903329938187
AA_63.0_14-Jan-2000_07:46,0.08134282294619223,0.020343753652689183,0.09557371724930112,0.0,0.8027397061518174
AA_63.0_14-Jan-2000_08:04,0.2119134098217057,0.0,0.0658858991703552,0.0,0.722200691007939
AA_63.0_14-Jan-2000_08:23,0.058447442463939014,0.017997904887410595,0.04216557884110463,0.0,0.8813890738075457
AA_63.0_14-Jan-2000_08:41,0.18196703092181155,0.0,0.10845681804368126,5.3595051476625016e-05,0.7095225559830306
AA_63.0_14-Jan-2000_08:59,0.20866750374480758,0.0,0.12640556253929,0.0,0.6649269337159024
AA_63.0_14-Jan-2000_09:17,0.21921542109076225,0.013400623779301964,0.09878630820767421,0.0,0.6685976469222616
AA_63.0_14-Jan-2000_09:39,0.02445956276558781,0.053064814287175,0.0009389281821201139,0.0,0.9215366947651171
AA_63.0_14-Jan-2000_10:00,0.04710358322029999,0.04862896023953446,0.02087347255871726,0.0,0.8833939839814483
AA_63.0_14-Jan-2000_10:22,0.12653981061673356,0.030597467802371724,0.037915603026415064,0.0,0.8049471185544798
AA_63.0_14-Jan-2000_10:44,0.19190730822863944,0.08612107013902791,0.06443229535030014,0.011460884913814877,0.6460784413682177
AA_63.0_14-Jan-2000_11:06,0.31840825832561254,0.08917057300304887,0.09102225945149871,0.028921736608161597,0.47247717261167826
AA_63.0_14-Jan-2000_11:28,0.166999168784222,0.10563422398632089,0.2619465834669545,0.022671471767968295,0.4427485519945342
AA_63.0_14-Jan-2000_11:50,0.0,0.13242294175657732,0.07745307121815172,0.023138884023403146,0.7669851030018678
AA_63.0_14-Jan-2000_12:12,0.09802717534124321,0.1745866960444784,0.009554698723624543,0.018863652711639516,0.6989677771790143
AA_63.0_14-Jan-2000_12:34,0.12054734686664194,0.18118019536078844,0.0526963803418929,0.025988976917002037,0.6195871005136747
AA_63.0_14-Jan-2000_12:55,0.1685710584157165,0.2060509011588562,0.07697443609962597,0.03752958607322707,0.5108740182525743
AA_64.0_14-Jan-2000_13:21,0.38753737350760104,0.40580484777813824,0.014413718430921695,0.01873034825109881,0.1735137120322403
AA_64.0_14-Jan-2000_13:43,0.3290682783210038,0.3357918564036265,0.04667170181500632,0.007105269911742829,0.28136289354862054
AA_64.0_14-Jan-2000_14:05,0.6033874884744013,0.3548774705143514,0.0,0.025713330045226926,0.01602171096602031
AA_64.0_14-Jan-2000_14:27,0.4266027627215585,0.2534942892411339,0.0,0.03200753082185467,0.2878954172154528
AA_64.0_14-Jan-2000_14:52,0.6067741448564762,0.36692400281681253,0.0,0.026301852326711332,0.0
AA_64.0_14-Jan-2000_15:23,0.6398423115797099,0.28702080763806104,0.011599327524446063,0.03589732740176073,0.025640225856022242
AA_64.0_14-Jan-2000_15:53,0.5986164111898967,0.27888761504072135,0.016429286508420876,0.042235632645633646,0.06383105461532756
AA_64.0_14-Jan-2000_16:26,0.4626576904059145,0.31006118635237007,0.0,0.028727174005815717,0.19855394923589983
AA_64.0_14-Jan-2000_16:59,0.39466835799905625,0.24108989929095492,0.0,0.061930990110933906,0.3023107525990549
AA_64.0_14-Jan-2000_17:33,0.5821685456499909,0.266196561798133,0.0,0.02465757997465887,0.12697731257721723
AA_64.0_14-Jan-2000_18:06,0.34474180011122785,0.25755965801050285,0.0,0.027312439759501258,0.37038610211876805
AA_64.0_14-Jan-2000_18:39,0.3895803103689703,0.19827806949206453,0.006723413611177016,0.05144008140394575,0.35397812512384247
AA_64.0_14-Jan-2000_19:11,0.17097578865462915,0.12002671677008118,0.14408174006909885,0.02968825016490558,0.5352275043412853
AA_64.0_14-Jan-2000_19:41,0.3039818941433611,0.13223460232368614,0.006697428542044432,0.1075490186517524,0.44953705633915597
AA_64.0_14-Jan-2000_20:07,0.4280781227487325,0.10567893265699564,0.0,0.03185862746270682,0.43438431713156506
AA_64.0_14-Jan-2000_20:29,0.6063109719786131,0.23704380325919946,0.0,0.07317642378803495,0.08346880097415241
AA_64.0_14-Jan-2000_20:50,0.30728525946513247,0.13333850909790534,0.01084536790864135,0.05525300793386975,0.49327785559445103
AA_64.0_14-Jan-2000_21:12,0.37785121801691024,0.1649912828751917,0.005470091581125696,0.043689495992098294,0.40799791153467413
AA_64.0_14-Jan-2000_21:34,0.4957351383252482,0.12062822867379738,0.08673101607684931,0.024411967768949844,0.2724936491551554
AA_64.0_14-Jan-2000_21:55,0.43971398327417005,0.15460095415224454,0.0241006553369456,0.008840270575837183,0.37274413666080264
AA_64.0_14-Jan-2000_22:17,0.7044635246278375,0.10331836808536636,0.0,0.0155524505790813,0.176665656707715
AA_64.0_14-Jan-2000_22:38,0.5356833247471183,0.13645724192256406,0.0149772385502076,0.05158831132670647,0.26129388345340354
AA_64.0_14-Jan-2000_22:59,0.5132383155598422,0.17389698941886947,0.010969391113830369,0.07652771045495285,0.22536759345250515
AA_64.0_14-Jan-2000_23:20,0.6366537465487534,0.17488294124856896,0.025995444338212353,0.10999143755888548,0.0524764303055798
AA_64.0_14-Jan-2000_23:41,0.6086135158739242,0.20578043494584575,0.013008178424983757,0.06833618450423595,0.1042616862510103
AA_64.0_15-Jan-2000_00:02,0.6181100845337534,0.2324275934746653,0.012281310846909376,0.06965035297437903,0.06753065817029277
AA_64.0_15-Jan-2000_00:23,0.5706196546362546,0.16568129022371406,0.014822320160796458,0.07090954103705656,0.17796719394217841
AA_64.0_15-Jan-2000_00:44,0.6026103088491603,0.11764547807410038,0.005763997852500067,0.04944943745588146,0.2245307777683578
AA_64.0_15-Jan-2000_01:05,0.6392354270521892,0.17376693554603595,0.0,0.04781420827801611,0.1391834291237588
AA_64.0_15-Jan-2000_01:27,0.692298100870769,0.1344857380766982,0.04150948549106462,0.026732150776591367,0.10497452478487676
AA_64.0_15-Jan-2000_01:48,0.5574951778527927,0.22188496196102514,0.11518049412234967,0.0,0.10543936606383267
AA_64.0_15-Jan-2000_02:10,0.3389011287359759,0.14061034434581293,0.012011209147079897,0.05887667275751047,0.4496006450136208
AA_64.0_15-Jan-2000_02:32,0.6061838300228494,0.16632148655951595,0.0,0.03966431024243503,0.18783037317519968
AA_64.0_15-Jan-2000_02:54,0.717138615992656,0.2212289251332328,0.007151907847371111,0.05448055102673999,0.0
AA_64.0_15-Jan-2000_03:16,0.5752773580443359,0.17768779842779023,0.0,0.025008994141218065,0.22202584938665568
AA_64.0_15-Jan-2000_03:38,0.7450397013688503,0.19879131396149974,0.016960200843598276,0.03920878382605162,0.0
AA_64.0_15-Jan-2000_04:00,0.6872618724123883,0.14657236618739078,0.008494110457055426,0.04752393537080722,0.11014771557235817
AA_64.0_15-Jan-2000_04:22,0.3937356348932417,0.1911816900673243,0.0,0.035823257921935525,0.3792594171174984
AA_64.0_15-Jan-2000_04:45,0.662822406600199,0.2055564964647417,0.010751467906646323,0.04224588428915935,0.07862374473925343
AA_64.0_15-Jan-2000_05:07,0.7222294452489224,0.1848483286526501,0.0,0.09292222609842739,0.0
AA_64.0_15-Jan-2000_05:36,0.6370159913418647,0.17440644193286498,0.02011462523605813,0.060480791748351616,0.1079821497408605
AA_64.0_15-Jan-2000_06:01,0.5480263348812996,0.16087686041882435,0.0,0.039828157154634086,0.2512686475452419
AA_64.0_15-Jan-2000_06:25,0.7504774915718486,0.15849603517249075,0.02669643385397173,0.06433003940168894,0.0
AA_64.0_15-Jan-2000_06:43,0.7641101784493374,0.14277384546547733,0.030275873993947332,0.05075535478765624,0.01208474730358174
AA_64.0_15-Jan-2000_07:02,0.6217097627306487,0.18787226664232948,0.04216526009263574,0.03477609345664511,0.11347661707774093
AA_64.0_15-Jan-2000_07:20,0.6994266451163077,0.15052370601631046,0.02791858721080272,0.0612300202726851,0.06090104138389393
AA_64.0_15-Jan-2000_07:38,0.7443547547913372,0.17471145711944078,0.01066658734740745,0.07026720074181453,0.0
AA_64.0_15-Jan-2000_07:57,0.6975982609711029,0.1625409315712577,0.01660905179061728,0.03941676518727987,0.08383499047974206
AA_64.0_15-Jan-2000_08:15,0.6631876484155412,0.19622839774823714,0.009477759229555906,0.04932161267923304,0.08178458192743253
AA_64.0_15-Jan-2000_08:33,0.7521997843747763,0.19809576379934288,0.0,0.03721635069122182,0.012488101134659068
AA_64.0_15-Jan-2000_08:51,0.753792738616931,0.1945320906570646,0.004705852859948672,0.046969317866055606,0.0
AA_64.0_15-Jan-2000_09:09,0.7197183949480391,0.1882183657404379,0.058281395281955785,0.0337818440295672,0.0
AA_64.0_15-Jan-2000_09:27,0.7667319281957841,0.1839741430999854,0.0094954684732562,0.03979846023097434,0.0
AA_64.0_15-Jan-2000_09:46,0.6349101330849491,0.145576376153244,0.006961789612630796,0.06999624364211258,0.1425554575070635
AA_64.0_15-Jan-2000_10:05,0.6606531904691362,0.20837079003214778,0.010490085490839279,0.053546302739972435,0.06693963126790449
AA_64.0_15-Jan-2000_10:24,0.744931787965938,0.14978711999546762,0.017460658866757243,0.05609479593280361,0.03172563723903381
AA_64.0_15-Jan-2000_10:42,0.7682989704386368,0.15094565385983214,0.007282325021714686,0.0734730506798163,0.0
AA_64.0_15-Jan-2000_11:01,0.7051057005639819,0.23138737003062868,0.030322077756406003,0.033184851648983445,0.0
AA_64.0_15-Jan-2000_11:19,0.6755137215922888,0.174859858204067,0.014000255077864,0.05497205514154762,0.08065410998423263
AA_64.0_15-Jan-2000_11:37,0.6424726236327956,0.15333087885869545,0.023898902986221975,0.18029759452228697,0.0
AA_64.0_15-Jan-2000_11:56,0.5273807146604972,0.2114709857692749,0.007404007089284358,0.2061408086773621,0.04760348380358144
AA_64.0_15-Jan-2000_12:15,0.46572388329559344,0.1829741922842967,0.0,0.2907535661598598,0.06054835826025
AA_64.0_15-Jan-2000_12:34,0.5416839683777579,0.39019952151106824,0.0,0.06811651011117376,0.0
AA_64.0_15-Jan-2000_12:52,0.6292414567430373,0.3263949781469715,0.0,0.04436356510999124,0.0
AA_64.0_15-Jan-2000_13:11,0.5381648593970834,0.2433695029506872,0.0,0.21846563765222946,0.0
AA_64.0_15-Jan-2000_13:30,0.6403266577951651,0.23990239272769057,0.0,0.11977094947714441,0.0
AA_64.0_15-Jan-2000_13:52,0.6984673791716051,0.22705023911775515,0.0,0.06407736628540306,0.010405015425236742
AA_64.0_15-Jan-2000_14:21,0.6432962231534648,0.22438111323725943,0.0,0.13232266360927572,0.0
AA_64.0_15-Jan-2000_14:48,0.6853965962170027,0.2707806489647658,0.0,0.04358278922254352,0.0002399655956880409
AA_64.0_15-Jan-2000_15:16,0.7014327498604995,0.25735557424965505,0.0,0.01378555345875797,0.027426122431087302
AA_64.0_15-Jan-2000_15:45,0.7389251368356289,0.2452435243947283,0.0,0.01583133876964281,0.0
AA_64.0_15-Jan-2000_16:14,0.5792805675609972,0.26933253499557025,0.022168400668565246,0.03972292383853795,0.08949557293632926
AA_64.0_15-Jan-2000_16:44,0.7030195695320703,0.25342731770644056,0.0,0.028967654009130008,0.014585458752358959
AA_64.0_15-Jan-2000_17:14,0.5438930588693172,0.2626923639696764,0.12614056286073294,0.039332622986747175,0.027941391313526284
AA_64.0_15-Jan-2000_17:41,0.5826537356909839,0.24903351145563898,0.03241091041096823,0.07273768225879451,0.06316416018361432
AA_64.0_15-Jan-2000_18:08,0.5879767438688065,0.2655058984557015,0.09453793510409705,0.051979422571395,0.0
AA_64.0_15-Jan-2000_18:35,0.4609674494220948,0.25665572114498086,0.1293055760093269,0.02886227589500062,0.1242089775285969
AA_64.0_15-Jan-2000_19:01,0.6244037603220289,0.2314656773700552,0.027408678057548742,0.11672188425036707,0.0
AA_64.0_15-Jan-2000_19:27,0.5477701767670623,0.21419711728230909,0.0,0.21379664000940057,0.024236065941228045
AA_64.0_15-Jan-2000_19:50,0.5790422139534848,0.217164261488417,0.0,0.20379352455809832,0.0
AA_64.0_15-Jan-2000_20:12,0.5756664042400992,0.20059050892198174,0.08270533332675331,0.14103775351116576,0.0
AA_64.0_15-Jan-2000_20:34,0.3913255840541439,0.17173218772254176,0.1636518040014374,0.14602311172752508,0.1272673124943518
AA_64.0_15-Jan-2000_20:56,0.4893846958092183,0.1307489173952083,0.08519193282167282,0.2621028952582661,0.03257155871563467
AA_64.0_15-Jan-2000_21:19,0.2917109770025108,0.05753989735228956,0.23868726434117177,0.230988009689055,0.1810738516149728
AA_64.0_15-Jan-2000_21:42,0.19085112305926646,0.029016760171744736,0.33584343266749817,0.2582966779006418,0.18599200620084877
AA_64.0_15-Jan-2000_22:04,0.2534331453842213,0.09481104659755972,0.42704444676114395,0.224711361257075,0.0
AA_64.0_15-Jan-2000_22:27,0.328279737808739,0.09719753913600616,0.3110883143676091,0.2634344086876457,0.0
AA_64.0_15-Jan-2000_23:01,0.16725841588220036,0.06562439241038819,0.6366109016248658,0.1305062900825458,0.0
