Segment_ID,component_1,component_2,component_3
AA_674.0_17-Dec-2012_21:37,0.6725259798063602,0.3078283471877222,0.019645673005917474
AA_674.0_17-Dec-2012_22:06,0.6935369952778997,0.29074956457112505,0.01571344015097533
AA_674.0_17-Dec-2012_22:34,1.0,0.0,0.0
AA_674.0_17-Dec-2012_23:02,1.0,0.0,0.0
AA_674.0_17-Dec-2012_23:30,1.0,0.0,0.0
AA_674.0_17-Dec-2012_23:58,0.5197432931406467,0.45851027191373867,0.021746434945614533
AA_674.0_18-Dec-2012_00:25,0.4786758813188808,0.49936452557204686,0.021959593109072386
AA_674.0_18-Dec-2012_00:53,0.319957589410039,0.53850451218688,0.14153789840308104
AA_674.0_18-Dec-2012_01:20,0.3828529247955806,0.5192584982992854,0.09788857690513401
AA_674.0_18-Dec-2012_01:48,0.5625429019133316,0.4226983066297665,0.01475879145690184
AA_674.0_18-Dec-2012_02:15,0.9438518326373981,0.04480519072974106,0.011342976632860737
AA_674.0_18-Dec-2012_02:42,0.8965025285355324,0.09412467509739972,0.009372796367067891
AA_674.0_18-Dec-2012_03:08,0.9206313616284832,0.06895333151630623,0.010415306855210518
AA_674.0_18-Dec-2012_03:35,0.7089096247086951,0.26711585660638665,0.02397451868491815
AA_674.0_18-Dec-2012_04:01,0.4850596958835755,0.47456667581534945,0.04037362830107504
AA_674.0_18-Dec-2012_04:27,0.5382748585124273,0.4352879311177251,0.026437210369847645
AA_674.0_18-Dec-2012_04:55,0.4175906057061822,0.5528354957222762,0.029573898571541662
AA_674.0_18-Dec-2012_05:21,0.42226099191838024,0.552579633138456,0.025159374943163622
AA_674.0_18-Dec-2012_05:47,0.5322900000295163,0.3740703702495414,0.09363962972094235
AA_674.0_18-Dec-2012_06:13,0.6490495569830235,0.24063124769319624,0.11031919532378025
AA_674.0_18-Dec-2012_06:39,0.36723578601000123,0.4616316696684466,0.17113254432155217
AA_674.0_18-Dec-2012_07:05,0.2932197331320463,0.5354791479931901,0.17130111887476368
AA_674.0_18-Dec-2012_07:31,0.0,0.1413677077698314,0.8586322922301686
AA_674.0_18-Dec-2012_07:57,0.18655089768300398,0.3951438277582608,0.4183052745587353
AA_674.0_18-Dec-2012_08:22,0.0,0.01794452202111781,0.9820554779788823
AA_674.0_18-Dec-2012_08:47,0.4797977218986771,0.062472920274326056,0.4577293578269968
AA_674.0_18-Dec-2012_09:13,0.07830067589172471,0.006771690443142369,0.9149276336651329
AA_674.0_18-Dec-2012_09:38,0.17108698810724188,0.046466725343942326,0.7824462865488159
AA_674.0_18-Dec-2012_10:04,0.0,0.0,1.0
AA_674.0_18-Dec-2012_10:29,0.051376805859671054,0.03659858987806755,0.9120246042622614
AA_674.0_18-Dec-2012_10:55,0.14497189587517226,0.2026270015927268,0.6524011025321008
AA_674.0_18-Dec-2012_11:21,0.06480337434744111,0.0,0.9351966256525588
AA_674.0_18-Dec-2012_11:46,0.12428032467247835,0.3810595419374909,0.4946601333900307
AA_674.0_18-Dec-2012_12:13,0.3351363746501468,0.3637665612436337,0.30109706410621956
AA_675.0_19-Dec-2012_09:44,0.31028826238180757,0.6651893781451177,0.02452235947307475
AA_675.0_19-Dec-2012_10:11,0.0,0.26480963764430715,0.7351903623556928
AA_675.0_19-Dec-2012_10:37,0.0,0.26128544837116113,0.7387145516288388
AA_675.0_19-Dec-2012_11:04,0.05508862579684842,0.9101348981577355,0.03477647604541601
AA_675.0_19-Dec-2012_11:30,0.3350648138911915,0.4107532120066545,0.2541819741021541
AA_675.0_19-Dec-2012_11:56,0.28787394871032457,0.48968575828401756,0.2224402930056579
AA_675.0_19-Dec-2012_12:21,0.45482925752807823,0.5239927487494411,0.021177993722480543
AA_675.0_19-Dec-2012_12:47,0.0,0.35687877758507647,0.6431212224149236
AA_675.0_19-Dec-2012_13:12,0.22053845317553938,0.3560907638698579,0.42337078295460273
AA_675.0_19-Dec-2012_13:38,0.039116561015574446,0.6593941455703021,0.30148929341412345
AA_675.0_19-Dec-2012_14:03,0.25512290018580625,0.4429178066222384,0.3019592931919554
AA_675.0_19-Dec-2012_14:29,0.4597735732394394,0.3051569882472083,0.23506943851335216
AA_675.0_19-Dec-2012_14:55,0.23533137190219586,0.29184802927455167,0.4728205988232524
AA_675.0_19-Dec-2012_15:20,0.3499417339872318,0.30812363740988213,0.3419346286028861
AA_675.0_19-Dec-2012_15:45,0.42549109012841185,0.24156742600554032,0.33294148386604777
AA_675.0_19-Dec-2012_16:10,0.20204041107484408,0.7139568069980133,0.08400278192714253
AA_675.0_19-Dec-2012_16:36,0.3379510369768766,0.5305871792400103,0.13146178378311296
AA_675.0_19-Dec-2012_17:02,0.20979936949916425,0.776669642099861,0.01353098840097465
AA_675.0_19-Dec-2012_17:28,0.5091808809915216,0.4784795098146213,0.012339609193857053
AA_675.0_19-Dec-2012_17:54,0.6269163778889332,0.3440654138678693,0.029018208243197483
AA_675.0_19-Dec-2012_18:20,0.6338728478942474,0.3376546712353947,0.02847248087035804
AA_675.0_19-Dec-2012_18:47,0.5821629631708586,0.0,0.4178370368291415
AA_675.0_19-Dec-2012_19:13,0.7368923913211987,0.23991410399811153,0.02319350468068969
AA_675.0_19-Dec-2012_19:40,0.021858953422722194,0.9519689544878225,0.026172092089455215
AA_675.0_19-Dec-2012_20:06,1.0,0.0,0.0
AA_675.0_19-Dec-2012_20:33,0.21568076114824702,0.7635581545327067,0.020761084319046434
AA_675.0_19-Dec-2012_21:00,0.2946946249500847,0.6905211545229686,0.014784220526946753
AA_675.0_19-Dec-2012_21:27,0.2597102161501478,0.6377192855488716,0.10257049830098064
AA_675.0_19-Dec-2012_21:55,0.4531969720632913,0.5328023488809246,0.014000679055784157
AA_675.0_19-Dec-2012_22:22,0.5584654865107049,0.4253659374380188,0.016168576051276144
AA_675.0_19-Dec-2012_22:49,0.5862548030014992,0.39717798248901215,0.01656721450948863
AA_675.0_19-Dec-2012_23:16,1.0,0.0,0.0
AA_675.0_19-Dec-2012_23:42,1.0,0.0,0.0
AA_675.0_20-Dec-2012_00:08,1.0,0.0,0.0
AA_675.0_20-Dec-2012_00:34,1.0,0.0,0.0
AA_675.0_20-Dec-2012_01:01,1.0,0.0,0.0
AA_675.0_20-Dec-2012_01:27,1.0,0.0,0.0
AA_675.0_20-Dec-2012_01:54,1.0,0.0,0.0
AA_675.0_20-Dec-2012_02:19,1.0,0.0,0.0
AA_675.0_20-Dec-2012_02:45,0.8004457164615714,0.1918060385223251,0.007748245016103549
AA_675.0_20-Dec-2012_03:11,0.7514516623541062,0.23856741125677713,0.009980926389116636
AA_675.0_20-Dec-2012_03:37,0.6218337775022139,0.3670501589180152,0.011116063579771
AA_675.0_20-Dec-2012_04:03,0.9947955055362779,0.0,0.005204494463722154
AA_675.0_20-Dec-2012_04:30,1.0,0.0,0.0
AA_675.0_20-Dec-2012_04:55,1.0,0.0,0.0
AA_675.0_20-Dec-2012_05:22,1.0,0.0,0.0
AA_675.0_20-Dec-2012_05:48,0.8202200499090125,0.170210273141148,0.009569676949839413
AA_675.0_20-Dec-2012_06:16,0.554882536506892,0.4313307855917329,0.013786677901375272
AA_675.0_20-Dec-2012_06:43,0.8643884008382132,0.1270959248589968,0.008515674302789874
AA_675.0_20-Dec-2012_07:10,0.9556038438377342,0.030862700558465104,0.013533455603800537
AA_675.0_20-Dec-2012_07:38,1.0,0.0,0.0
AA_675.0_20-Dec-2012_08:06,0.36622761744551574,0.6192892467359155,0.014483135818568908
AA_675.0_20-Dec-2012_08:33,0.8519518611904567,0.13944023845030734,0.008607900359235938
AA_675.0_20-Dec-2012_09:01,0.8670605530069814,0.12171161448992346,0.011227832503095277
AA_675.0_20-Dec-2012_09:28,0.5654278429479963,0.42508765435387696,0.009484502698126814
AA_675.0_20-Dec-2012_09:54,0.9415663935809006,0.05843360641909942,0.0
AA_675.0_20-Dec-2012_10:20,0.6174614089957123,0.3658352222105042,0.016703368793783417
AA_675.0_20-Dec-2012_10:45,1.0,0.0,0.0
AA_675.0_20-Dec-2012_11:11,0.8281598547039931,0.1620499415410372,0.009790203754969588
AA_675.0_20-Dec-2012_11:37,0.8140174043561914,0.16941736829291332,0.01656522735089526
AA_675.0_20-Dec-2012_12:02,0.4455718577245559,0.554428142275444,0.0
AA_675.0_20-Dec-2012_12:28,0.08158633884141012,0.9028733296606438,0.015540331497945956
AA_675.0_20-Dec-2012_12:53,0.1682788710778354,0.8214779229948813,0.010243205927283281
AA_675.0_20-Dec-2012_13:18,0.055913197063115816,0.9440868029368842,0.0
AA_675.0_20-Dec-2012_13:42,0.0,1.0,0.0
AA_675.0_20-Dec-2012_14:07,0.1703288058938174,0.8296711941061826,0.0
AA_675.0_20-Dec-2012_14:31,0.037287694006526415,0.9590198691255244,0.003692436867949238
AA_675.0_20-Dec-2012_14:55,0.09208600934052791,0.9079139906594722,0.0
AA_675.0_20-Dec-2012_15:19,0.16875910791443846,0.8312408920855615,0.0
AA_675.0_20-Dec-2012_15:42,0.1483749823722648,0.8516250176277352,0.0
AA_675.0_20-Dec-2012_16:06,0.2018112332919059,0.7981887667080941,0.0
AA_675.0_20-Dec-2012_16:29,0.11005043625117679,0.8899495637488232,0.0
AA_675.0_20-Dec-2012_16:53,0.1923472340615234,0.8076527659384767,0.0
AA_675.0_20-Dec-2012_17:16,0.2554833503767512,0.7445166496232489,0.0
AA_675.0_20-Dec-2012_17:40,0.2800155472457543,0.7199844527542457,0.0
AA_675.0_20-Dec-2012_18:04,0.24722535804516044,0.7527746419548395,0.0
AA_675.0_20-Dec-2012_18:27,0.16461539502953296,0.835384604970467,0.0
AA_675.0_20-Dec-2012_18:51,0.4282446572282748,0.5717553427717251,0.0
AA_675.0_20-Dec-2012_19:14,0.3181980349551192,0.6744947194133212,0.007307245631559657
AA_675.0_20-Dec-2012_19:37,0.4231419434197037,0.5768580565802963,0.0
AA_675.0_20-Dec-2012_20:00,0.5193589731958054,0.4806410268041946,0.0
AA_675.0_20-Dec-2012_20:24,0.5010651736729484,0.49706091648448875,0.0018739098425628517
AA_675.0_20-Dec-2012_20:47,0.6600424679400853,0.3399575320599148,0.0
AA_675.0_20-Dec-2012_21:11,0.5951215765291518,0.4048784234708481,0.0
AA_675.0_20-Dec-2012_21:29,0.6543812368424773,0.34561876315752266,0.0
AA_676.0_21-Dec-2012_01:25,0.872767768931698,0.10153745038641508,0.025694780681886832
AA_676.0_21-Dec-2012_01:52,1.0,0.0,0.0
AA_676.0_21-Dec-2012_02:18,1.0,0.0,0.0
AA_676.0_21-Dec-2012_02:42,1.0,0.0,0.0
AA_676.0_21-Dec-2012_03:06,1.0,0.0,0.0
AA_676.0_21-Dec-2012_03:29,1.0,0.0,0.0
AA_676.0_21-Dec-2012_03:53,1.0,0.0,0.0
AA_676.0_21-Dec-2012_04:16,1.0,0.0,0.0
AA_676.0_21-Dec-2012_04:40,1.0,0.0,0.0
AA_676.0_21-Dec-2012_05:03,1.0,0.0,0.0
AA_676.0_21-Dec-2012_05:26,1.0,0.0,0.0
AA_676.0_21-Dec-2012_05:49,1.0,0.0,0.0
AA_676.0_21-Dec-2012_06:12,1.0,0.0,0.0
AA_676.0_21-Dec-2012_06:35,1.0,0.0,0.0
AA_676.0_21-Dec-2012_06:58,1.0,0.0,0.0
AA_676.0_21-Dec-2012_07:21,1.0,0.0,0.0
AA_676.0_21-Dec-2012_07:44,0.9066576858063646,0.09334231419363537,0.0
AA_676.0_21-Dec-2012_08:08,0.8504163538129301,0.1495836461870699,0.0
AA_676.0_21-Dec-2012_08:31,1.0,0.0,0.0
AA_676.0_21-Dec-2012_08:54,1.0,0.0,0.0
AA_676.0_21-Dec-2012_09:18,1.0,0.0,0.0
AA_676.0_21-Dec-2012_09:40,1.0,0.0,0.0
AA_676.0_21-Dec-2012_10:03,1.0,0.0,0.0
AA_676.0_21-Dec-2012_10:26,0.9873447705999293,0.012655229400070803,0.0
AA_676.0_21-Dec-2012_10:49,1.0,0.0,0.0
AA_676.0_21-Dec-2012_11:12,1.0,0.0,0.0
AA_676.0_21-Dec-2012_11:35,1.0,0.0,0.0
AA_676.0_21-Dec-2012_11:58,1.0,0.0,0.0
AA_676.0_21-Dec-2012_12:21,1.0,0.0,0.0
AA_676.0_21-Dec-2012_12:44,1.0,0.0,0.0
AA_676.0_21-Dec-2012_13:07,0.7027723375410777,0.2795641467583549,0.017663515700567407
AA_676.0_21-Dec-2012_13:31,0.6214866334734968,0.3670279842877395,0.011485382238763803
AA_676.0_21-Dec-2012_13:54,0.96512927621297,0.022046779704872108,0.012823944082157883
AA_676.0_21-Dec-2012_14:17,0.8362235174679595,0.14387348260516597,0.01990299992687441
AA_676.0_21-Dec-2012_14:44,0.6204638570760327,0.3657159876499605,0.013820155274006632
AA_676.0_21-Dec-2012_15:15,0.7831229169938975,0.1939546825891728,0.022922400416929712
AA_676.0_21-Dec-2012_15:44,0.9968169934041697,0.0,0.003183006595830323
AA_676.0_21-Dec-2012_16:09,0.9645226161519934,0.026089305754073967,0.009388078093932545
AA_676.0_21-Dec-2012_16:33,1.0,0.0,0.0
AA_676.0_21-Dec-2012_16:56,1.0,0.0,0.0
AA_676.0_21-Dec-2012_17:19,0.9962393763876342,0.0,0.0037606236123658436
AA_676.0_21-Dec-2012_17:41,0.8932529298799476,0.10674707012005241,0.0
AA_676.0_21-Dec-2012_18:04,0.691591546319101,0.3051712305378962,0.0032372231430026254
AA_676.0_21-Dec-2012_18:26,0.7259529256871257,0.26341272796947235,0.010634346343401914
AA_676.0_21-Dec-2012_18:48,0.6266385501777373,0.36232341163800946,0.011038038184253222
AA_676.0_21-Dec-2012_19:10,0.5023170347380798,0.48642616766760055,0.011256797594319884
AA_676.0_21-Dec-2012_19:33,0.5153255844004057,0.47300415247482275,0.011670263124771535
AA_676.0_21-Dec-2012_19:55,0.5557640224237106,0.4295600035802497,0.014675973996039576
AA_676.0_21-Dec-2012_20:18,0.600750177917588,0.3854276202847959,0.013822201797616089
AA_676.0_21-Dec-2012_20:41,0.7708915966885455,0.22420993094773045,0.004898472363724229
AA_676.0_21-Dec-2012_21:03,0.8100501875870728,0.1799683079491122,0.009981504463814966
AA_676.0_21-Dec-2012_21:26,1.0,0.0,0.0
AA_676.0_21-Dec-2012_21:49,0.7264351432990062,0.26862939653740864,0.004935460163585306
AA_676.0_21-Dec-2012_22:12,0.6699260017710759,0.3230509358992242,0.007023062329700059
AA_676.0_21-Dec-2012_22:35,0.7703887092663215,0.21407536804053365,0.015535922693144895
AA_676.0_21-Dec-2012_22:58,0.8010235181737371,0.19897648182626293,0.0
AA_676.0_21-Dec-2012_23:20,0.9148740504594056,0.08512594954059428,0.0
AA_676.0_21-Dec-2012_23:43,0.6253418164560628,0.3700860626636503,0.004572120880286987
AA_676.0_22-Dec-2012_00:07,0.8321128983187668,0.16629275878949334,0.0015943428917397917
AA_676.0_22-Dec-2012_00:30,0.796973745806009,0.20064718961164366,0.0023790645823474426
AA_676.0_22-Dec-2012_00:53,0.5584329614039882,0.438959036981175,0.002608001614836904
AA_676.0_22-Dec-2012_01:16,0.8777032691135228,0.12157586647778974,0.0007208644086874954
AA_676.0_22-Dec-2012_01:40,0.7312570020297123,0.25440246540268385,0.014340532567603845
AA_676.0_22-Dec-2012_02:03,0.860937178432791,0.139062821567209,0.0
AA_676.0_22-Dec-2012_02:27,0.9133237527519061,0.08667624724809393,0.0
AA_676.0_22-Dec-2012_02:51,0.8650748316313928,0.12738669162048488,0.007538476748122401
AA_676.0_22-Dec-2012_03:15,0.8261886540511197,0.1698246875390263,0.003986658409853902
AA_677.0_22-Dec-2012_09:35,1.0,0.0,0.0
AA_677.0_22-Dec-2012_10:00,1.0,0.0,0.0
AA_677.0_22-Dec-2012_10:24,1.0,0.0,0.0
AA_677.0_22-Dec-2012_10:49,0.9625300139913507,0.03698114675772512,0.0004888392509240682
AA_677.0_22-Dec-2012_11:14,0.9188260856144627,0.07983342226201941,0.0013404921235179931
AA_677.0_22-Dec-2012_11:39,0.8603734547701748,0.13916880493548703,0.00045774029433811756
AA_677.0_22-Dec-2012_12:04,0.7153139250369479,0.28363437716515577,0.0010516977978962914
AA_677.0_22-Dec-2012_12:29,0.6399464150145743,0.3539305199666439,0.006123065018781798
AA_677.0_22-Dec-2012_12:54,0.7075253614611122,0.29247463853888767,0.0
AA_677.0_22-Dec-2012_13:19,0.8346668471932392,0.1653331528067608,0.0
AA_677.0_22-Dec-2012_13:44,0.6515896045226272,0.3482034166378028,0.0002069788395700082
AA_677.0_22-Dec-2012_14:09,0.6826804694567354,0.3104420272369041,0.006877503306360391
AA_677.0_22-Dec-2012_14:34,0.6826484492547398,0.3131152813117149,0.0042362694335453055
AA_677.0_22-Dec-2012_14:59,0.6425365690394321,0.35742935702818124,3.4073932386687725e-05
AA_677.0_22-Dec-2012_15:24,0.5722185363410863,0.42778146365891373,0.0
AA_677.0_22-Dec-2012_15:49,0.6570466956000093,0.3429533043999907,0.0
AA_677.0_22-Dec-2012_16:14,0.5590441478291301,0.43518012323410893,0.0057757289367608225
AA_677.0_22-Dec-2012_16:39,0.5282155180604133,0.46557393145309217,0.006210550486494611
AA_677.0_22-Dec-2012_17:03,0.5831270225480247,0.40904923893525585,0.00782373851671932
AA_677.0_22-Dec-2012_17:28,0.6812497918512437,0.3185640334797014,0.00018617466905499914
AA_677.0_22-Dec-2012_17:53,0.647160044779494,0.34726344253674213,0.005576512683763957
AA_677.0_22-Dec-2012_18:18,0.5971735074386472,0.4008466105366891,0.001979882024663841
AA_677.0_22-Dec-2012_18:42,0.6250769781556706,0.3640159164095311,0.010907105434798172
AA_677.0_22-Dec-2012_19:07,0.6146688307422036,0.3773800454834688,0.007951123774327664
AA_677.0_22-Dec-2012_19:31,0.5157703987576863,0.47033263627785094,0.013896964964462659
AA_677.0_22-Dec-2012_19:55,0.5383931068138008,0.4522710386187374,0.00933585456746178
AA_677.0_22-Dec-2012_20:20,0.49307882657265967,0.4905081077014277,0.016413065725912588
AA_677.0_22-Dec-2012_20:45,0.493722908144318,0.4910905720956593,0.015186519760022546
AA_677.0_22-Dec-2012_21:10,0.5274080422445275,0.45760908487771973,0.014982872877752683
AA_677.0_22-Dec-2012_21:35,0.4489718669981953,0.5348452286411007,0.016182904360703933
AA_677.0_22-Dec-2012_22:00,0.7982455717806056,0.19378924245078738,0.007965185768606964
AA_677.0_22-Dec-2012_22:25,0.7220727494825032,0.2734735184937861,0.004453732023710611
AA_677.0_22-Dec-2012_22:50,0.7417552111811488,0.24689208366246926,0.011352705156381888
AA_677.0_22-Dec-2012_23:15,0.6509743843158116,0.3347182471351071,0.01430736854908127
AA_677.0_22-Dec-2012_23:40,0.604938114923662,0.384782605999123,0.010279279077214938
AA_677.0_23-Dec-2012_00:04,0.920488819226269,0.07951118077373105,0.0
AA_677.0_23-Dec-2012_00:29,0.8281383413104982,0.16561901057202705,0.006242648117474685
AA_677.0_23-Dec-2012_00:54,0.6966350695591261,0.303364930440874,0.0
AA_677.0_23-Dec-2012_01:18,0.5656904063353626,0.4303954510204223,0.003914142644215048
AA_677.0_23-Dec-2012_01:42,0.61428878094174,0.3769835858301927,0.008727633228067293
AA_677.0_23-Dec-2012_02:05,0.6897770768483064,0.30487967067738925,0.0053432524743042996
AA_677.0_23-Dec-2012_02:29,0.6752388744996831,0.3247611255003169,0.0
AA_677.0_23-Dec-2012_02:53,0.7377217182848378,0.26227828171516204,0.0
AA_677.0_23-Dec-2012_03:17,0.5971959540366151,0.40063106229411166,0.002172983669273221
AA_677.0_23-Dec-2012_03:40,0.513027193539697,0.48697280646030294,0.0
AA_677.0_23-Dec-2012_04:04,0.7176764182792084,0.2823235817207918,0.0
AA_677.0_23-Dec-2012_04:28,0.455603802993304,0.5283378087182347,0.016058388288461352
AA_677.0_23-Dec-2012_04:52,0.4795829836869058,0.5058447037757411,0.01457231253735322
AA_677.0_23-Dec-2012_05:16,0.6013561004117192,0.3960615918018628,0.0025823077864180802
AA_677.0_23-Dec-2012_05:39,0.7070277990187995,0.29297220098120036,0.0
AA_677.0_23-Dec-2012_06:03,0.651496331619788,0.3404499116351306,0.008053756745081428
AA_677.0_23-Dec-2012_06:26,0.7100584187832863,0.28889044705044187,0.001051134166271965
AA_677.0_23-Dec-2012_06:50,0.7373048809232283,0.26269511907677157,0.0
AA_677.0_23-Dec-2012_07:13,0.6031058896098186,0.3959642661936558,0.0009298441965255513
AA_677.0_23-Dec-2012_07:36,0.5559817430870889,0.4372349417234694,0.006783315189441675
AA_677.0_23-Dec-2012_07:59,0.7186697997027803,0.27293005340427234,0.008400146892947304
AA_677.0_23-Dec-2012_08:23,0.6558972104389966,0.3367375691555361,0.007365220405467187
AA_677.0_23-Dec-2012_08:46,0.5379628328770332,0.4487111775446678,0.013325989578299037
AA_677.0_23-Dec-2012_09:09,0.6808163211842289,0.30486318307408444,0.014320495741686702
AA_677.0_23-Dec-2012_09:32,0.8072224401071909,0.16936448551096878,0.023413074381840395
AA_677.0_23-Dec-2012_09:56,0.6762711831563365,0.3034439979005684,0.020284818943095143
AA_677.0_23-Dec-2012_10:19,0.5875280272774984,0.3876139473886841,0.0248580253338175
AA_677.0_23-Dec-2012_10:42,0.5170594305632893,0.46140175005018463,0.021538819386526145
AA_677.0_23-Dec-2012_11:06,0.6328484928425645,0.3348035850817665,0.032347922075669056
AA_677.0_23-Dec-2012_11:42,0.529200018997342,0.4564429009023254,0.014357080100332443
