Segment_ID,component_1,component_2,component_3
AA_180.0_17-Dec-2002_00:45,0.8030264166936275,0.0,0.1969735833063724
AA_180.0_17-Dec-2002_01:06,0.7815320892900657,0.0,0.21846791070993424
AA_180.0_17-Dec-2002_01:27,0.9992867230801575,0.0007132769198424135,0.0
AA_180.0_17-Dec-2002_01:47,0.8789833395180431,0.0,0.12101666048195706
AA_180.0_17-Dec-2002_02:08,0.9155554625982774,0.0018803573278515738,0.08256418007387102
AA_180.0_17-Dec-2002_02:29,0.9882791441120923,0.0,0.011720855887907694
AA_180.0_17-Dec-2002_02:49,0.9673768691812091,0.0,0.03262313081879087
AA_180.0_17-Dec-2002_03:10,0.9444547342949192,0.00038369602109512,0.055161569683985605
AA_180.0_17-Dec-2002_03:30,0.9988215352508665,0.0011784647491335453,0.0
AA_180.0_17-Dec-2002_03:50,0.6627525306827741,0.0,0.3372474693172259
AA_180.0_17-Dec-2002_04:10,1.0,0.0,0.0
AA_180.0_17-Dec-2002_04:31,1.0,0.0,0.0
AA_180.0_17-Dec-2002_04:51,0.9994077753274193,0.0005922246725806399,0.0
AA_180.0_17-Dec-2002_05:11,0.9988258488113311,0.0011741511886688239,0.0
AA_180.0_17-Dec-2002_05:32,0.8529409351395666,0.0,0.1470590648604334
AA_180.0_17-Dec-2002_05:52,0.9779057766628964,0.0,0.022094223337103643
AA_180.0_17-Dec-2002_06:12,0.7147236232519611,0.0,0.28527637674803885
AA_180.0_17-Dec-2002_06:32,0.8919470919013663,0.0,0.10805290809863358
AA_180.0_17-Dec-2002_06:52,0.803776143102231,0.0,0.196223856897769
AA_180.0_17-Dec-2002_07:12,0.9077975692933401,0.0,0.09220243070665987
AA_180.0_17-Dec-2002_07:33,0.9052967094983019,0.0,0.09470329050169801
AA_180.0_17-Dec-2002_07:53,0.9835519784251042,0.0,0.016448021574895787
AA_180.0_17-Dec-2002_08:13,0.9983712043737342,0.001628795626265875,0.0
AA_180.0_17-Dec-2002_08:33,0.9976599126423328,0.0023400873576672958,0.0
AA_180.0_17-Dec-2002_08:53,0.8926049277291948,0.0,0.10739507227080523
AA_180.0_17-Dec-2002_09:13,0.892669648768091,0.0,0.107330351231909
AA_180.0_17-Dec-2002_09:33,0.9996185462424546,0.0003814537575453953,0.0
AA_180.0_17-Dec-2002_09:53,0.9987785030537503,0.001221496946249682,0.0
AA_180.0_17-Dec-2002_10:13,1.0,0.0,0.0
AA_180.0_17-Dec-2002_10:34,0.9524894169091398,0.00015787769407829243,0.04735270539678194
AA_180.0_17-Dec-2002_10:54,0.9981090512597294,0.0018909487402706644,0.0
AA_180.0_17-Dec-2002_11:14,1.0,0.0,0.0
AA_180.0_17-Dec-2002_11:34,0.9751394762544666,0.0,0.02486052374553331
AA_180.0_17-Dec-2002_11:55,0.999012951593114,0.0009870484068859365,0.0
AA_180.0_17-Dec-2002_12:15,0.9992271046462916,0.0007728953537084516,0.0
AA_180.0_17-Dec-2002_12:35,0.9510144910233415,0.0,0.04898550897665842
AA_180.0_17-Dec-2002_12:56,0.9991200793448218,0.000879920655178216,0.0
AA_180.0_17-Dec-2002_13:16,0.998079246849784,0.0019207531502159199,0.0
AA_180.0_17-Dec-2002_13:37,0.998832771847679,0.0011672281523209442,0.0
AA_180.0_17-Dec-2002_13:57,0.9990560403124009,0.0009439596875990598,0.0
AA_180.0_17-Dec-2002_14:17,0.9988208167331809,0.001179183266819046,0.0
AA_180.0_17-Dec-2002_14:37,0.8707375176323107,0.0,0.12926248236768928
AA_180.0_17-Dec-2002_14:57,0.99849508616728,0.0015049138327199606,0.0
AA_180.0_17-Dec-2002_15:18,0.9996718425022963,0.00032815749770363886,0.0
AA_180.0_17-Dec-2002_15:38,1.0,0.0,0.0
AA_180.0_17-Dec-2002_15:58,0.9696324505400287,0.0,0.030367549459971298
AA_180.0_17-Dec-2002_16:19,0.9999416949001696,5.830509983045473e-05,0.0
AA_180.0_17-Dec-2002_16:39,0.9995434191175901,0.0004565808824099505,0.0
AA_180.0_17-Dec-2002_16:59,0.8150862580805,0.0,0.18491374191949997
AA_180.0_17-Dec-2002_17:19,1.0,0.0,0.0
AA_180.0_17-Dec-2002_17:40,0.9404996681773791,0.0,0.05950033182262088
AA_180.0_17-Dec-2002_18:00,0.9380102174297487,0.0,0.06198978257025125
AA_180.0_17-Dec-2002_18:20,0.9855902635511342,0.0,0.01440973644886574
AA_180.0_17-Dec-2002_18:40,0.9558773738159971,0.0,0.0441226261840029
AA_180.0_17-Dec-2002_19:01,0.7815615877115757,0.0,0.21843841228842434
AA_180.0_17-Dec-2002_19:21,0.7413927088905093,0.0,0.25860729110949077
AA_180.0_17-Dec-2002_19:41,0.38610045043335023,0.0,0.6138995495666498
AA_180.0_17-Dec-2002_20:02,0.4238284018038892,0.0,0.5761715981961109
AA_180.0_17-Dec-2002_20:22,0.49823707026980535,0.0,0.5017629297301947
AA_180.0_17-Dec-2002_20:43,0.6305930210175588,0.0,0.36940697898244135
AA_180.0_17-Dec-2002_21:03,0.8234502470365528,0.0,0.17654975296344722
AA_180.0_17-Dec-2002_21:24,0.8089091830428999,0.0,0.19109081695709998
AA_180.0_17-Dec-2002_21:44,0.5371325619387276,0.0,0.46286743806127245
AA_180.0_17-Dec-2002_22:04,0.8545672249442766,0.0,0.14543277505572344
AA_180.0_17-Dec-2002_22:25,0.7996221144311068,0.0,0.20037788556889322
AA_180.0_17-Dec-2002_22:45,0.8733661326718666,0.0,0.12663386732813342
AA_180.0_17-Dec-2002_23:05,0.6749803756983344,0.0,0.3250196243016656
AA_180.0_17-Dec-2002_23:25,0.6945874703314595,0.0,0.30541252966854054
AA_180.0_17-Dec-2002_23:46,0.7193545703038668,0.0,0.28064542969613315
AA_180.0_18-Dec-2002_00:06,0.41985798969657434,0.0,0.5801420103034256
AA_180.0_18-Dec-2002_00:26,0.6993623326902897,0.0,0.3006376673097102
AA_180.0_18-Dec-2002_00:47,0.5880699616377706,0.0,0.41193003836222947
AA_180.0_18-Dec-2002_01:07,0.4893020008306636,0.0,0.5106979991693363
AA_180.0_18-Dec-2002_01:26,0.634125983697926,0.0,0.365874016302074
AA_180.0_18-Dec-2002_01:46,0.5561752651005111,0.0,0.4438247348994888
AA_180.0_18-Dec-2002_02:07,0.5865171178429704,0.0,0.4134828821570295
AA_180.0_18-Dec-2002_02:26,0.5180039999836638,0.0,0.48199600001633625
AA_180.0_18-Dec-2002_02:47,0.6406589228280359,0.0,0.359341077171964
AA_180.0_18-Dec-2002_03:07,0.6044287019351028,0.0,0.3955712980648972
AA_180.0_18-Dec-2002_03:27,0.4891617457032411,0.0,0.510838254296759
AA_180.0_18-Dec-2002_03:46,0.6827250027934142,0.0,0.3172749972065858
AA_180.0_18-Dec-2002_04:06,0.6237100916294402,0.0,0.3762899083705598
AA_180.0_18-Dec-2002_04:26,0.6075489790362419,0.0,0.3924510209637581
AA_180.0_18-Dec-2002_04:46,0.4836937674069499,0.0,0.5163062325930502
AA_180.0_18-Dec-2002_05:06,0.5720778899260143,0.0,0.4279221100739857
AA_180.0_18-Dec-2002_05:26,0.854125216366931,0.0,0.1458747836330691
AA_180.0_18-Dec-2002_05:47,0.7777704600239636,0.0,0.2222295399760365
AA_180.0_18-Dec-2002_06:07,0.5783114033940316,0.0,0.42168859660596847
AA_180.0_18-Dec-2002_06:27,0.7617755665094845,0.0,0.23822443349051542
AA_180.0_18-Dec-2002_06:47,0.8001109852142861,0.0,0.1998890147857139
AA_180.0_18-Dec-2002_07:08,0.8735039299564559,0.0,0.12649607004354407
AA_180.0_18-Dec-2002_07:28,0.5511441351732194,0.0,0.4488558648267806
AA_180.0_18-Dec-2002_07:48,0.7681162897093167,0.0,0.2318837102906833
AA_180.0_18-Dec-2002_08:08,0.6324533687255245,0.0,0.36754663127447545
AA_180.0_18-Dec-2002_08:29,0.6636718390193236,0.0,0.3363281609806764
AA_180.0_18-Dec-2002_08:56,0.6663488992421244,0.0,0.3336511007578755
AA_181.0_18-Dec-2002_09:27,0.5318512819866489,0.4681487180133512,0.0
AA_181.0_18-Dec-2002_09:47,0.6656621110266872,0.3343378889733128,0.0
AA_181.0_18-Dec-2002_10:08,0.6816240720416845,0.26678642245667133,0.051589505501644144
AA_181.0_18-Dec-2002_10:29,0.799295328019551,0.1569173359999688,0.04378733598048011
AA_181.0_18-Dec-2002_10:49,0.862931159735238,0.13706884026476196,0.0
AA_181.0_18-Dec-2002_11:10,0.7566058296326246,0.21901739404020246,0.02437677632717291
AA_181.0_18-Dec-2002_11:31,0.6325139412751842,0.21785675669104168,0.1496293020337742
AA_181.0_18-Dec-2002_11:53,0.6191049259028053,0.29803727576074523,0.08285779833644946
AA_181.0_18-Dec-2002_12:14,0.6466065994905007,0.26193933977734435,0.09145406073215494
AA_181.0_18-Dec-2002_12:36,0.529844053727923,0.38560969510077625,0.08454625117130084
AA_181.0_18-Dec-2002_12:57,0.6084848496021104,0.3709943275415428,0.020520822856346772
AA_181.0_18-Dec-2002_13:19,0.36285951403934474,0.5157615018323439,0.1213789841283114
AA_181.0_18-Dec-2002_13:39,0.3995458289594019,0.5321560113155903,0.0682981597250078
AA_181.0_18-Dec-2002_14:01,0.4489890321968472,0.5305189840213986,0.020491983781754132
AA_181.0_18-Dec-2002_14:22,0.3636754415850229,0.5681410005223773,0.06818355789259975
AA_181.0_18-Dec-2002_14:44,0.40278572108006505,0.5425174780476142,0.0546968008723207
AA_181.0_18-Dec-2002_15:05,0.31033491179605394,0.5990484463314099,0.09061664187253624
AA_181.0_18-Dec-2002_15:26,0.189700695290921,0.7955447100278725,0.014754594681206667
AA_181.0_18-Dec-2002_15:46,0.023654766354232682,0.9582793172297034,0.01806591641606394
AA_181.0_18-Dec-2002_16:07,0.14298238387859136,0.8204405405833323,0.03657707553807637
AA_181.0_18-Dec-2002_16:28,0.16661890112294045,0.7865477162681103,0.0468333826089492
AA_181.0_18-Dec-2002_16:48,0.3601015454122521,0.6363655566770744,0.0035328979106735606
AA_181.0_18-Dec-2002_17:09,0.43986033209611386,0.4735423278592486,0.08659734004463743
AA_181.0_18-Dec-2002_17:29,0.39633418035147444,0.5766960749140099,0.02696974473451572
AA_181.0_18-Dec-2002_17:50,0.24497033828241732,0.7365782777460697,0.018451383971512927
AA_181.0_18-Dec-2002_18:10,0.40805709558304665,0.5860842054268588,0.005858698990094646
AA_181.0_18-Dec-2002_18:31,0.3661293634724346,0.6338706365275654,0.0
AA_181.0_18-Dec-2002_18:51,0.5600301965812813,0.4265815090729061,0.013388294345812578
AA_181.0_18-Dec-2002_19:11,0.37798653512064256,0.6220134648793575,0.0
AA_181.0_18-Dec-2002_19:32,0.4784883795301611,0.5154898955347736,0.006021724935065221
AA_181.0_18-Dec-2002_19:52,0.48298728173680827,0.5170127182631917,0.0
AA_181.0_18-Dec-2002_20:12,0.3869747321167294,0.6108908967936049,0.0021343710896658792
AA_181.0_18-Dec-2002_20:33,0.35968695772626513,0.6284650906284819,0.011847951645252883
AA_181.0_18-Dec-2002_20:54,0.34480210839239467,0.6538090154795937,0.0013888761280115814
AA_181.0_18-Dec-2002_21:15,0.4532574130260603,0.5467425869739397,0.0
AA_181.0_18-Dec-2002_21:36,0.4770519670402068,0.5229480329597933,0.0
AA_181.0_18-Dec-2002_21:57,0.3263690973401315,0.655847049237785,0.017783853422083506
AA_181.0_18-Dec-2002_22:17,0.439509452219659,0.5511328357989798,0.009357711981361202
AA_181.0_18-Dec-2002_22:38,0.3970706974462729,0.6029293025537271,0.0
AA_181.0_18-Dec-2002_22:58,0.573065403745033,0.426934596254967,0.0
AA_181.0_18-Dec-2002_23:19,0.71736207141745,0.2826379285825501,0.0
AA_181.0_18-Dec-2002_23:39,0.6327080780320419,0.3455561644844002,0.021735757483557994
AA_181.0_18-Dec-2002_23:59,0.8834412249803918,0.11655877501960818,0.0
AA_181.0_19-Dec-2002_00:20,0.7772966480469704,0.22270335195302948,0.0
AA_181.0_19-Dec-2002_00:41,0.810878005020398,0.18912199497960192,0.0
AA_181.0_19-Dec-2002_01:01,0.8116831937606557,0.18831680623934424,0.0
AA_181.0_19-Dec-2002_01:21,0.8824238654657626,0.1175761345342374,0.0
AA_181.0_19-Dec-2002_01:42,0.9676155022177154,0.03238449778228459,0.0
AA_181.0_19-Dec-2002_02:02,0.976811374894397,0.023188625105603038,0.0
AA_181.0_19-Dec-2002_02:22,0.9837880799850199,0.016211920014980116,0.0
AA_181.0_19-Dec-2002_02:43,0.9355522271790264,0.06444777282097364,0.0
AA_181.0_19-Dec-2002_03:03,0.968796618560155,0.031203381439844968,0.0
AA_181.0_19-Dec-2002_03:23,0.9717476178979004,0.0282523821020995,0.0
AA_181.0_19-Dec-2002_03:43,0.9769728300182691,0.0230271699817309,0.0
AA_181.0_19-Dec-2002_04:03,0.9699108126764453,0.03008918732355471,0.0
AA_181.0_19-Dec-2002_04:23,0.969128732696213,0.030871267303786965,0.0
AA_181.0_19-Dec-2002_04:43,0.9492578829788756,0.05074211702112434,0.0
AA_181.0_19-Dec-2002_05:04,0.981592119890932,0.018407880109068145,0.0
AA_181.0_19-Dec-2002_05:24,0.9865483854957046,0.013451614504295531,0.0
AA_181.0_19-Dec-2002_05:44,0.9988215352508664,0.0011784647491335624,0.0
AA_181.0_19-Dec-2002_06:04,0.963215116224357,0.036784883775643006,0.0
AA_181.0_19-Dec-2002_06:24,0.9993935210308249,0.0006064789691750586,0.0
AA_181.0_19-Dec-2002_06:45,0.9988215352508665,0.0011784647491335462,0.0
AA_181.0_19-Dec-2002_07:05,0.9990067548841438,0.0009932451158561838,0.0
AA_181.0_19-Dec-2002_07:25,0.9992581189169694,0.0007418810830306966,0.0
AA_181.0_19-Dec-2002_07:46,0.9988558126022141,0.0011441873977859228,0.0
AA_181.0_19-Dec-2002_08:06,0.9989057680286585,0.0010942319713415764,0.0
AA_181.0_19-Dec-2002_08:26,0.9985620513035363,0.0014379486964638279,0.0
AA_181.0_19-Dec-2002_08:46,0.998766335664305,0.0012336643356949963,0.0
AA_181.0_19-Dec-2002_09:06,0.9987864459899012,0.0012135540100988212,0.0
AA_181.0_19-Dec-2002_09:25,0.9988651468531353,0.0011348531468647277,0.0
AA_181.0_19-Dec-2002_09:45,0.9987379279640489,0.0012620720359510147,0.0
AA_181.0_19-Dec-2002_10:05,0.9992988891434117,0.0007011108565883247,0.0
AA_181.0_19-Dec-2002_10:24,0.9569015490837378,0.04309845091626216,0.0
AA_181.0_19-Dec-2002_10:44,0.9696493461755942,0.030350653824405705,0.0
AA_181.0_19-Dec-2002_11:04,0.9892332557495329,0.010766744250467062,0.0
AA_181.0_19-Dec-2002_11:24,0.9780805024393675,0.021919497560632484,0.0
AA_181.0_19-Dec-2002_11:43,0.963558101911562,0.03644189808843795,0.0
AA_181.0_19-Dec-2002_12:03,0.9567912398825477,0.04320876011745241,0.0
AA_181.0_19-Dec-2002_12:23,0.9271787488386138,0.07282125116138619,0.0
AA_181.0_19-Dec-2002_12:42,0.9276145028470043,0.07238549715299558,0.0
AA_181.0_19-Dec-2002_13:02,0.8386830742259095,0.16131692577409049,0.0
AA_181.0_19-Dec-2002_13:22,0.8628999139551012,0.1371000860448988,0.0
AA_181.0_19-Dec-2002_13:42,0.8724608473818103,0.12753915261818974,0.0
AA_181.0_19-Dec-2002_14:02,0.8647760065258804,0.13522399347411973,0.0
AA_181.0_19-Dec-2002_14:21,0.9078721077692151,0.09212789223078487,0.0
AA_181.0_19-Dec-2002_14:41,0.8294037795657752,0.17059622043422482,0.0
AA_181.0_19-Dec-2002_15:02,0.7602516333481247,0.23974836665187524,0.0
AA_182.0_19-Dec-2002_15:40,0.3908236369760347,0.6091763630239653,0.0
AA_182.0_19-Dec-2002_16:00,0.5980781954288222,0.4019218045711777,0.0
AA_182.0_19-Dec-2002_16:20,0.4014217920561172,0.5985782079438827,0.0
AA_182.0_19-Dec-2002_16:40,0.4190435330453358,0.5809564669546642,0.0
AA_182.0_19-Dec-2002_17:00,0.5919053570855841,0.4080946429144159,0.0
AA_182.0_19-Dec-2002_17:20,0.6015889878554154,0.39841101214458463,0.0
AA_182.0_19-Dec-2002_17:40,0.5528331683624154,0.44716683163758475,0.0
AA_182.0_19-Dec-2002_18:01,0.5658869567995063,0.4341130432004938,0.0
AA_182.0_19-Dec-2002_18:21,0.5542987025196493,0.44570129748035064,0.0
AA_182.0_19-Dec-2002_18:42,0.47861854457346903,0.5213814554265309,0.0
AA_182.0_19-Dec-2002_19:02,0.5884586421406015,0.4115413578593986,0.0
AA_182.0_19-Dec-2002_19:23,0.523894917329728,0.47610508267027185,0.0
AA_182.0_19-Dec-2002_19:44,0.537383911669781,0.462616088330219,0.0
AA_182.0_19-Dec-2002_20:04,0.5833201886826676,0.41667981131733245,0.0
AA_182.0_19-Dec-2002_20:25,0.6582509848088653,0.3417490151911347,0.0
AA_182.0_19-Dec-2002_20:45,0.6100954691481661,0.3899045308518338,0.0
AA_182.0_19-Dec-2002_21:04,0.761003343248123,0.23899665675187698,0.0
AA_182.0_19-Dec-2002_21:24,0.9110826008502353,0.08891739914976472,0.0
AA_182.0_19-Dec-2002_21:44,0.8799232274268953,0.12007677257310476,0.0
AA_182.0_19-Dec-2002_22:04,0.9052015673204798,0.09479843267952014,0.0
AA_182.0_19-Dec-2002_22:24,0.7754140590816558,0.2245859409183442,0.0
AA_182.0_19-Dec-2002_22:43,0.8433388445233265,0.15666115547667342,0.0
AA_182.0_19-Dec-2002_23:04,0.8761934023995595,0.12380659760044059,0.0
AA_182.0_19-Dec-2002_23:24,0.9106955706939901,0.08930442930600985,0.0
AA_182.0_19-Dec-2002_23:44,0.9275201336587771,0.07247986634122296,0.0
AA_182.0_20-Dec-2002_00:04,0.9806693486419272,0.0193306513580729,0.0
AA_182.0_20-Dec-2002_00:24,0.9837632020720144,0.016236797927985665,0.0
AA_182.0_20-Dec-2002_00:44,0.9785297165458461,0.021470283454153947,0.0
AA_182.0_20-Dec-2002_01:04,0.9668851389377787,0.033114861062221224,0.0
AA_182.0_20-Dec-2002_01:24,0.8738449750208553,0.12615502497914466,0.0
AA_182.0_20-Dec-2002_01:44,0.9553935540315299,0.0,0.044606445968470035
AA_182.0_20-Dec-2002_02:04,0.9491042914733527,0.05089570852664727,0.0
AA_182.0_20-Dec-2002_02:24,0.981707920734414,0.01829207926558587,0.0
AA_182.0_20-Dec-2002_02:44,0.9841633806481952,0.015836619351804693,0.0
AA_182.0_20-Dec-2002_03:04,0.9801882571783036,0.019811742821696354,0.0
AA_182.0_20-Dec-2002_03:24,0.9319028183368528,0.0680971816631472,0.0
AA_182.0_20-Dec-2002_03:45,0.9482546061474255,0.05174539385257451,0.0
AA_182.0_20-Dec-2002_04:06,0.8453199685694096,0.1546800314305903,0.0
AA_182.0_20-Dec-2002_04:27,0.9580762001525759,0.04192379984742415,0.0
AA_182.0_20-Dec-2002_04:47,0.982991942709011,0.017008057290988983,0.0
AA_182.0_20-Dec-2002_05:08,0.9984376888285486,0.0015623111714514045,0.0
AA_182.0_20-Dec-2002_05:29,0.9736579916627818,0.026342008337218135,0.0
AA_182.0_20-Dec-2002_05:50,0.9410513749373351,0.05894862506266491,0.0
AA_182.0_20-Dec-2002_06:11,0.9773463281077286,0.022653671892271417,0.0
AA_182.0_20-Dec-2002_06:31,0.9752453641397654,0.02475463586023462,0.0
AA_182.0_20-Dec-2002_06:52,0.9167836183920647,0.08321638160793529,0.0
AA_182.0_20-Dec-2002_07:12,0.9669065311919943,0.033093468808005705,0.0
AA_182.0_20-Dec-2002_07:33,0.9240575968761411,0.0759424031238589,0.0
AA_182.0_20-Dec-2002_07:54,0.960747985902585,0.03925201409741491,0.0
AA_182.0_20-Dec-2002_08:14,0.93410377721006,0.06589622278993998,0.0
AA_182.0_20-Dec-2002_08:35,0.878683835193256,0.12131616480674402,0.0
AA_182.0_20-Dec-2002_08:55,0.9204939123417756,0.07950608765822431,0.0
AA_182.0_20-Dec-2002_09:15,0.9384428800875958,0.06155711991240423,0.0
AA_182.0_20-Dec-2002_09:35,0.9074981101174402,0.09250188988255972,0.0
AA_182.0_20-Dec-2002_09:55,0.9214793245688345,0.07852067543116537,0.0
AA_182.0_20-Dec-2002_10:15,0.8951349573071381,0.104865042692862,0.0
AA_182.0_20-Dec-2002_10:35,0.9557435163909804,0.044256483609019494,0.0
AA_182.0_20-Dec-2002_10:55,0.966899256163344,0.033100743836655885,0.0
AA_182.0_20-Dec-2002_11:14,1.0,0.0,0.0
AA_182.0_20-Dec-2002_11:34,0.9456396957550837,0.03738871412173291,0.016971590123183312
AA_182.0_20-Dec-2002_11:54,0.8607996706781174,0.1392003293218826,0.0
AA_182.0_20-Dec-2002_12:13,0.6988297536274009,0.22423302746701268,0.07693721890558637
AA_182.0_20-Dec-2002_12:32,0.5522121089170446,0.3503377466472405,0.09745014443571495
AA_182.0_20-Dec-2002_12:51,0.5811954639281257,0.32503897248352903,0.09376556358834523
AA_182.0_20-Dec-2002_13:11,0.4959166748594943,0.3719702835154787,0.13211304162502704
AA_182.0_20-Dec-2002_13:30,0.6462947972221986,0.3537052027778014,0.0
AA_182.0_20-Dec-2002_13:49,0.7196246394940887,0.21436922240593517,0.06600613809997609
AA_182.0_20-Dec-2002_14:09,0.4658294297006004,0.5058284681857922,0.02834210211360737
AA_182.0_20-Dec-2002_14:28,0.3854963122769391,0.575811580333407,0.038692107389653986
AA_182.0_20-Dec-2002_14:48,0.45404450118219963,0.49393789309582753,0.052017605721972796
AA_182.0_20-Dec-2002_15:08,0.13614901353888922,0.7614251643204565,0.10242582214065427
AA_182.0_20-Dec-2002_15:28,0.2673944134825725,0.6907606170520657,0.0418449694653618
AA_182.0_20-Dec-2002_15:47,0.2624502137161213,0.685284840094165,0.0522649461897137
AA_182.0_20-Dec-2002_16:07,0.35835161377549224,0.5986540624422335,0.042994323782274094
AA_182.0_20-Dec-2002_16:26,0.26790757713996194,0.6944726672970292,0.03761975556300896
AA_182.0_20-Dec-2002_16:46,0.3516627252700776,0.5912955080842346,0.057041766645687844
AA_182.0_20-Dec-2002_17:06,0.3628024870932296,0.6052338950456652,0.03196361786110521
AA_182.0_20-Dec-2002_17:26,0.36875350752834796,0.5714257863768153,0.05982070609483687
AA_182.0_20-Dec-2002_17:46,0.2754786568512225,0.6989419464064159,0.02557939674236171
AA_182.0_20-Dec-2002_18:06,0.36453803151701336,0.6155402288669816,0.019921739616005053
AA_182.0_20-Dec-2002_18:26,0.38832829460139495,0.5931494642282618,0.018522241170343234
AA_182.0_20-Dec-2002_18:46,0.329916695841943,0.6512530973044584,0.018830206853598666
AA_182.0_20-Dec-2002_19:07,0.17732998602725145,0.7787307535523423,0.043939260420406155
AA_182.0_20-Dec-2002_19:27,0.41927091706763747,0.5512972283958067,0.029431854536555765
AA_182.0_20-Dec-2002_19:47,0.26385728837839917,0.6687296324334339,0.06741307918816708
AA_182.0_20-Dec-2002_20:08,0.34176154631012234,0.6142831461934921,0.04395530749638553
AA_182.0_20-Dec-2002_20:28,0.29980652035032923,0.5969182161825032,0.10327526346716746
AA_182.0_20-Dec-2002_20:49,0.4723893967664538,0.41984755635192483,0.10776304688162139
AA_182.0_20-Dec-2002_21:09,0.37624757522343016,0.5601591098271795,0.06359331494939023
AA_182.0_20-Dec-2002_21:30,0.30632570013769195,0.6113245836422084,0.08234971622009962
AA_182.0_20-Dec-2002_21:50,0.5553876167725101,0.383625305142848,0.06098707808464188
AA_182.0_20-Dec-2002_22:10,0.40578145267164356,0.4955248232871568,0.09869372404119968
AA_183.0_20-Dec-2002_22:41,0.9135528308475739,0.01455168383705088,0.07189548531537522
AA_183.0_20-Dec-2002_23:01,0.8289358756371275,0.0177699873951169,0.15329413696775573
AA_183.0_20-Dec-2002_23:21,0.8324665704311525,0.023160211070747873,0.14437321849809953
AA_183.0_20-Dec-2002_23:42,0.877568126260553,0.02205132144783787,0.10038055229160914
AA_183.0_21-Dec-2002_00:02,0.7918314771884171,0.02476998441473852,0.1833985383968443
AA_183.0_21-Dec-2002_00:23,0.7903725418707179,0.0,0.20962745812928207
AA_183.0_21-Dec-2002_00:43,0.8712331678582604,0.005585911247624014,0.1231809208941155
AA_183.0_21-Dec-2002_01:04,0.8899715989984125,0.0030232393834387942,0.10700516161814866
AA_183.0_21-Dec-2002_01:24,0.80452834734485,0.0,0.19547165265514996
AA_183.0_21-Dec-2002_01:44,0.8447537729472123,0.02621744951627711,0.12902877753651062
AA_183.0_21-Dec-2002_02:04,0.8366404528261593,0.013660642333430666,0.1496989048404101
AA_183.0_21-Dec-2002_02:25,0.8990354826926662,0.0,0.10096451730733368
AA_183.0_21-Dec-2002_02:45,0.889008981035351,0.01942121504618888,0.09156980391846001
AA_183.0_21-Dec-2002_03:05,0.7844860187983038,0.004977145033584143,0.21053683616811195
AA_183.0_21-Dec-2002_03:26,0.7293788303799373,0.03169710359233241,0.23892406602773025
AA_183.0_21-Dec-2002_03:46,0.7426016549132894,0.014113884028763991,0.2432844610579467
AA_183.0_21-Dec-2002_04:07,0.8141378921329492,0.0091158725977422,0.1767462352693086
AA_183.0_21-Dec-2002_04:27,0.7986827390194268,0.014703232423496299,0.18661402855707687
AA_183.0_21-Dec-2002_04:47,0.844882975642905,0.008321907271294783,0.1467951170858003
AA_183.0_21-Dec-2002_05:07,0.8680204033511029,0.0,0.13197959664889714
AA_183.0_21-Dec-2002_05:28,0.8664028950765693,0.0,0.13359710492343055
AA_183.0_21-Dec-2002_05:48,0.8634975045616183,0.032700020402821876,0.10380247503555969
AA_183.0_21-Dec-2002_06:08,0.9072191053724817,0.018243729060393735,0.07453716556712443
AA_183.0_21-Dec-2002_06:29,0.8796657236195774,0.009176099520539167,0.11115817685988348
AA_183.0_21-Dec-2002_06:49,0.8605340643740902,0.017233572606907974,0.12223236301900191
AA_183.0_21-Dec-2002_07:09,0.9161079703304256,0.008803452835475243,0.07508857683409913
AA_183.0_21-Dec-2002_07:30,0.9838337870601729,0.0,0.016166212939827028
AA_183.0_21-Dec-2002_07:50,0.9033569697560745,0.01272855723175515,0.08391447301217027
AA_183.0_21-Dec-2002_08:11,0.8713491836314082,0.01568688240334104,0.11296393396525073
AA_183.0_21-Dec-2002_08:31,0.8401593439805186,0.03432731620063493,0.12551333981884633
AA_183.0_21-Dec-2002_08:51,0.8559887197157088,0.0,0.1440112802842911
AA_183.0_21-Dec-2002_09:12,0.7268087446169634,0.0,0.27319125538303674
AA_183.0_21-Dec-2002_09:33,0.7310856771617513,0.0,0.26891432283824857
AA_183.0_21-Dec-2002_09:54,0.6297511906422559,0.0006052492662737586,0.3696435600914703
AA_183.0_21-Dec-2002_10:14,0.5065572875686124,0.0,0.4934427124313876
AA_183.0_21-Dec-2002_10:35,0.5351114952400512,0.0,0.46488850475994886
AA_183.0_21-Dec-2002_10:55,0.4033695780342257,0.0,0.5966304219657742
AA_183.0_21-Dec-2002_11:15,0.43660820825933333,0.0,0.5633917917406667
AA_183.0_21-Dec-2002_11:36,0.4441320741418343,0.0,0.5558679258581656
AA_183.0_21-Dec-2002_11:56,0.3524986314178004,0.0,0.6475013685821995
AA_183.0_21-Dec-2002_12:17,0.19343542262918853,0.0,0.8065645773708114
AA_183.0_21-Dec-2002_12:38,0.2420729857520856,0.0,0.7579270142479144
AA_183.0_21-Dec-2002_12:58,0.19472810530414444,0.0012373823316458898,0.8040345123642095
AA_183.0_21-Dec-2002_13:19,0.15462079502623988,0.0023581314484126354,0.8430210735253475
AA_183.0_21-Dec-2002_13:40,0.14840027206410575,0.0038917408398677408,0.8477079870960265
AA_183.0_21-Dec-2002_14:01,0.14557281101258923,0.0036484030951574944,0.8507787858922532
AA_183.0_21-Dec-2002_14:21,0.22045301041769405,0.003238086753006612,0.7763089028292993
AA_183.0_21-Dec-2002_14:42,0.14088511827542236,0.002642800901917825,0.8564720808226598
AA_183.0_21-Dec-2002_15:02,0.20755545952997154,0.006938838258131245,0.7855057022118972
AA_183.0_21-Dec-2002_15:22,0.1663421305316603,0.013170285495987748,0.8204875839723519
AA_183.0_21-Dec-2002_15:43,0.0,0.43992003608934493,0.560079963910655
AA_183.0_21-Dec-2002_16:03,0.1625262537304229,0.3970561657213895,0.44041758054818747
AA_183.0_21-Dec-2002_16:23,0.14985924267793407,0.4270839232844301,0.4230568340376357
AA_183.0_21-Dec-2002_16:44,0.053142122020091886,0.4792873261427346,0.4675705518371735
AA_183.0_21-Dec-2002_17:05,0.0,0.48543162473435375,0.5145683752656462
AA_183.0_21-Dec-2002_17:25,0.0,0.44538840243209765,0.5546115975679025
AA_183.0_21-Dec-2002_17:46,0.045285722895614416,0.3848782069013539,0.5698360702030317
AA_183.0_21-Dec-2002_18:06,0.0,0.4933051567216741,0.5066948432783259
AA_183.0_21-Dec-2002_18:26,0.0,0.47699840124605125,0.5230015987539486
AA_183.0_21-Dec-2002_18:47,0.03494813501189136,0.39774584297257376,0.5673060220155348
AA_183.0_21-Dec-2002_19:06,0.1291397605083224,0.3662925592907676,0.50456768020091
AA_183.0_21-Dec-2002_19:26,0.20740921756251124,0.38189639309759665,0.4106943893398922
AA_183.0_21-Dec-2002_19:46,0.2723932927339395,0.25593734098644266,0.4716693662796178
AA_183.0_21-Dec-2002_20:07,0.24550751093197423,0.24502036772208038,0.5094721213459454
AA_183.0_21-Dec-2002_20:27,0.3717570325263936,0.1533391425126842,0.4749038249609222
AA_183.0_21-Dec-2002_20:47,0.4429780229186865,0.1598378332811664,0.3971841438001472
AA_183.0_21-Dec-2002_21:07,0.48854092901255686,0.15864283512924157,0.3528162358582016
AA_183.0_21-Dec-2002_21:27,0.4306628299299169,0.0940617983539006,0.47527537171618245
AA_183.0_21-Dec-2002_21:47,0.5925492653949358,0.041931013207252406,0.36551972139781175
AA_183.0_21-Dec-2002_22:07,0.5370540078672837,0.11279182668680218,0.3501541654459141
AA_183.0_21-Dec-2002_22:26,0.4606439886641336,0.21068797288998486,0.32866803844588144
AA_183.0_21-Dec-2002_22:46,0.30436601078164666,0.19025499509748328,0.5053789941208701
AA_183.0_21-Dec-2002_23:06,0.46501064179411206,0.15615178982810804,0.37883756837778
AA_183.0_21-Dec-2002_23:25,0.3120303780325082,0.1673051374840842,0.5206644844834075
AA_183.0_21-Dec-2002_23:44,0.4037651067828331,0.12410937389296872,0.4721255193241982
AA_183.0_22-Dec-2002_00:04,0.5190940686035955,0.08963625236671875,0.3912696790296858
AA_183.0_22-Dec-2002_00:23,0.35382526741304976,0.08493141321151505,0.5612433193754351
AA_183.0_22-Dec-2002_00:43,0.3916651270232121,0.051138353311494314,0.5571965196652936
AA_183.0_22-Dec-2002_01:02,0.347791968819366,0.08411552877293528,0.5680925024076987
AA_183.0_22-Dec-2002_01:21,0.25829893489692846,0.06926584672803641,0.6724352183750351
AA_183.0_22-Dec-2002_01:40,0.309536306953881,0.0,0.6904636930461191
AA_183.0_22-Dec-2002_01:59,0.44150079088722993,0.005004262062955778,0.5534949470498143
AA_183.0_22-Dec-2002_02:18,0.5959442679448578,0.00903634142802947,0.3950193906271128
AA_183.0_22-Dec-2002_02:37,0.5865709882738463,0.0,0.41342901172615365
AA_183.0_22-Dec-2002_02:56,0.6642645736193896,0.01938186549904054,0.3163535608815698
AA_183.0_22-Dec-2002_03:15,0.561371027617397,0.0,0.438628972382603
AA_183.0_22-Dec-2002_03:35,0.6024950222467766,0.0,0.39750497775322335
AA_183.0_22-Dec-2002_03:55,0.6309501724056791,0.0,0.36904982759432087
AA_183.0_22-Dec-2002_04:15,0.5202566242708055,0.010548213373405333,0.4691951623557892
AA_183.0_22-Dec-2002_04:35,0.5757411455475656,0.0027268523620384406,0.42153200209039604
AA_183.0_22-Dec-2002_05:03,0.4363512629171461,0.06630732543281528,0.4973414116500386
AA_184.0_22-Dec-2002_05:32,0.5519828950177018,0.0,0.4480171049822981
AA_184.0_22-Dec-2002_05:53,0.6229907694861282,0.0,0.3770092305138718
AA_184.0_22-Dec-2002_06:13,0.3813411592662388,0.11922881742206154,0.4994300233116996
AA_184.0_22-Dec-2002_06:34,0.34696884037701975,0.0,0.6530311596229803
AA_184.0_22-Dec-2002_06:55,0.4618701887983115,0.0,0.5381298112016885
AA_184.0_22-Dec-2002_07:16,0.3624778997956687,0.0,0.6375221002043314
AA_184.0_22-Dec-2002_07:37,0.19495251982805392,0.06738021309090844,0.7376672670810376
AA_184.0_22-Dec-2002_07:58,0.19520917387639156,0.0,0.8047908261236084
AA_184.0_22-Dec-2002_08:19,0.5755959160150885,0.0,0.42440408398491153
AA_184.0_22-Dec-2002_08:40,0.2889987570499243,0.11665018803228457,0.5943510549177912
AA_184.0_22-Dec-2002_09:00,0.6349829392435323,0.08765575328321018,0.27736130747325766
AA_184.0_22-Dec-2002_09:20,0.358038445392849,0.0,0.641961554607151
AA_184.0_22-Dec-2002_09:40,0.66447540754481,0.07660720333230817,0.25891738912288176
AA_184.0_22-Dec-2002_10:00,0.2001783204502513,0.24265149132336172,0.557170188226387
AA_184.0_22-Dec-2002_10:20,0.3596231193812082,0.11305319760595972,0.5273236830128321
AA_184.0_22-Dec-2002_10:40,0.453282822784396,0.05232845688121062,0.49438872033439335
AA_184.0_22-Dec-2002_11:01,0.6141604908905097,0.011896157631850963,0.37394335147763935
AA_184.0_22-Dec-2002_11:21,0.38465076732691894,0.06318668222792599,0.552162550445155
AA_184.0_22-Dec-2002_11:41,0.33430582089959243,0.10757752604905894,0.5581166530513486
AA_184.0_22-Dec-2002_12:02,0.429546240977205,0.07065261323720377,0.4998011457855912
AA_184.0_22-Dec-2002_12:23,0.19414905891759224,0.17450983481351623,0.6313411062688914
AA_184.0_22-Dec-2002_12:43,0.19376243245815516,0.322301431712584,0.4839361358292607
AA_184.0_22-Dec-2002_13:04,0.03849378420549737,0.47994986487084856,0.48155635092365406
AA_184.0_22-Dec-2002_13:25,0.0,0.5935582876445036,0.4064417123554965
AA_184.0_22-Dec-2002_13:47,0.0,0.6940199652031314,0.3059800347968687
AA_184.0_22-Dec-2002_14:08,0.0,0.8218878724779392,0.17811212752206085
AA_184.0_22-Dec-2002_14:29,0.0,0.7554400534397463,0.24455994656025365
AA_184.0_22-Dec-2002_14:50,0.0,0.7563924429548022,0.24360755704519782
AA_184.0_22-Dec-2002_15:11,0.0,0.6885641478404437,0.31143585215955627
AA_184.0_22-Dec-2002_15:32,0.0,0.5163147268822716,0.4836852731177284
AA_184.0_22-Dec-2002_15:53,0.0,0.6830298561146991,0.31697014388530087
AA_184.0_22-Dec-2002_16:15,0.0,0.7566049209323682,0.24339507906763172
AA_184.0_22-Dec-2002_16:36,0.010827783547462014,0.786926753001543,0.20224546345099498
AA_184.0_22-Dec-2002_16:57,0.0,0.6959067337955162,0.3040932662044839
AA_184.0_22-Dec-2002_17:19,0.011901285879449254,0.5773801892847407,0.41071852483581006
AA_184.0_22-Dec-2002_17:40,0.0,0.3641385276638572,0.6358614723361428
AA_184.0_22-Dec-2002_18:02,0.0,0.42439791043635033,0.5756020895636497
AA_184.0_22-Dec-2002_18:23,0.04399906324840235,0.33499656733858113,0.6210043694130166
AA_184.0_22-Dec-2002_18:45,0.41012560708778356,0.0,0.5898743929122164
AA_184.0_22-Dec-2002_19:07,0.0,0.31259005087599345,0.6874099491240067
AA_184.0_22-Dec-2002_19:29,0.10439674132995129,0.08270937216318217,0.8128938865068664
AA_184.0_22-Dec-2002_19:51,0.06749790683334835,0.11435587356247488,0.8181462196041768
AA_184.0_22-Dec-2002_20:14,0.025342803983590376,0.09612593055026289,0.8785312654661468
AA_184.0_22-Dec-2002_20:37,0.04374946405822815,0.25244848767018985,0.703802048271582
AA_184.0_22-Dec-2002_21:00,0.009511426015643993,0.11479488778943259,0.8756936861949235
AA_184.0_22-Dec-2002_21:23,0.11394850150260118,0.08859915991347352,0.7974523385839253
AA_184.0_22-Dec-2002_21:46,0.23003595033367286,0.0463103272952926,0.7236537223710346
AA_184.0_22-Dec-2002_22:10,0.16804984434921547,0.3176823820194789,0.5142677736313057
AA_184.0_22-Dec-2002_22:33,0.1682862330930721,0.30165994545461283,0.530053821452315
AA_184.0_22-Dec-2002_22:56,0.1552731112776933,0.3049130279070256,0.539813860815281
AA_184.0_22-Dec-2002_23:19,0.2764583343851642,0.25233891823871196,0.47120274737612383
AA_184.0_22-Dec-2002_23:41,0.5846353508225269,0.0,0.41536464917747307
AA_184.0_23-Dec-2002_00:04,0.4773489230651208,0.0,0.5226510769348793
AA_184.0_23-Dec-2002_00:28,0.2194787694280997,0.07347168174990877,0.7070495488219916
AA_184.0_23-Dec-2002_00:52,0.16006332047077682,0.0921499067173436,0.7477867728118796
AA_184.0_23-Dec-2002_01:16,0.3299364028687914,0.0,0.6700635971312087
AA_184.0_23-Dec-2002_01:40,0.3047609617046728,0.11316862851239307,0.5820704097829341
AA_184.0_23-Dec-2002_02:04,0.12484525711087263,0.1801288928853483,0.695025850003779
AA_184.0_23-Dec-2002_02:29,0.14732655977422476,0.050133584660820636,0.8025398555649546
AA_184.0_23-Dec-2002_02:52,0.0,0.30097180571401166,0.6990281942859884
AA_184.0_23-Dec-2002_03:15,0.42273663169043735,0.0,0.5772633683095627
AA_184.0_23-Dec-2002_03:38,0.3132547956218908,0.08086695662960981,0.6058782477484994
AA_184.0_23-Dec-2002_04:01,0.2041430445336087,0.03520527549888868,0.7606516799675026
AA_184.0_23-Dec-2002_04:24,0.367533822114565,0.05344307429055576,0.5790231035948792
AA_184.0_23-Dec-2002_04:47,0.23468087037194788,0.0,0.7653191296280522
AA_184.0_23-Dec-2002_05:11,0.023773959161147985,0.0,0.9762260408388521
AA_184.0_23-Dec-2002_05:34,0.23899438313914875,0.0,0.7610056168608512
AA_184.0_23-Dec-2002_05:58,0.13292175430577657,0.06556513519375008,0.8015131105004734
AA_184.0_23-Dec-2002_06:22,0.11862315353971929,0.2420515445735903,0.6393253018866905
AA_184.0_23-Dec-2002_06:45,0.11767602100375413,0.11616866769073107,0.7661553113055148
AA_184.0_23-Dec-2002_07:09,0.09662575276780246,0.0,0.9033742472321975
AA_184.0_23-Dec-2002_07:33,0.24958112452562725,0.048210436565321584,0.7022084389090512
AA_184.0_23-Dec-2002_07:56,0.11067019682880397,0.0,0.889329803171196
AA_184.0_23-Dec-2002_08:20,0.2506057085883821,0.0,0.7493942914116181
AA_184.0_23-Dec-2002_08:44,0.2305430080550377,0.10760931752355614,0.6618476744214061
AA_184.0_23-Dec-2002_09:08,0.3428935711220932,0.0,0.6571064288779068
AA_184.0_23-Dec-2002_09:32,0.05465655781531911,0.0862030732490562,0.8591403689356247
AA_184.0_23-Dec-2002_09:56,0.0513921706861229,0.08924501440960998,0.859362814904267
AA_184.0_23-Dec-2002_10:20,0.006386081559496308,0.0,0.9936139184405036
AA_184.0_23-Dec-2002_10:44,0.001860583911377295,0.0,0.9981394160886227
AA_184.0_23-Dec-2002_11:08,0.007787735280338228,0.0,0.9922122647196617
AA_184.0_23-Dec-2002_11:31,0.010235041347681747,0.0,0.9897649586523182
AA_184.0_23-Dec-2002_11:55,0.1183706020472566,0.24601296039106485,0.6356164375616785
AA_184.0_23-Dec-2002_12:19,0.0,0.38361376619960974,0.6163862338003904
AA_184.0_23-Dec-2002_12:42,0.0,0.38488926363449033,0.6151107363655096
AA_184.0_23-Dec-2002_13:05,0.0,0.626557941570242,0.37344205842975803
