Segment_ID,component_1,component_2,component_3
SA_672.0_06-Dec-2012_09:05,0.14314362719224968,0.0,0.8568563728077503
SA_672.0_06-Dec-2012_09:40,0.10538476165237905,0.0,0.894615238347621
SA_672.0_06-Dec-2012_10:15,0.09721829456833374,0.025146151549453336,0.8776355538822129
SA_672.0_06-Dec-2012_10:49,0.023472211265695903,0.22353021241854243,0.7529975763157616
SA_672.0_06-Dec-2012_11:24,0.041195721497008675,0.09359666392822713,0.8652076145747642
SA_672.0_06-Dec-2012_11:57,0.05174488270810899,0.09633477615313017,0.8519203411387608
SA_672.0_06-Dec-2012_12:31,0.02830882194266178,0.06539415901898032,0.9062970190383579
SA_672.0_06-Dec-2012_13:05,0.16155596067058994,0.0,0.8384440393294101
SA_672.0_06-Dec-2012_13:40,0.0,0.0,1.0
SA_672.0_06-Dec-2012_14:15,0.01236699594120752,0.018233211338512786,0.9693997927202797
SA_672.0_06-Dec-2012_14:50,0.01447902436403054,0.010017150074015,0.9755038255619545
SA_672.0_06-Dec-2012_16:02,0.46783450785240105,0.4590905707252661,0.0730749214223328
SA_672.0_06-Dec-2012_16:39,0.40261159820686354,0.2014995899127635,0.395888811880373
SA_672.0_06-Dec-2012_17:51,0.40376386694915567,0.5512759993238757,0.04496013372696855
SA_672.0_06-Dec-2012_18:27,0.18319237312669914,0.3137410442954387,0.5030665825778621
SA_672.0_06-Dec-2012_19:03,0.20233540531940508,0.5033356841439895,0.2943289105366054
SA_672.0_06-Dec-2012_20:14,0.34530902430528065,0.28742050308798794,0.3672704726067314
SA_672.0_06-Dec-2012_20:50,0.326928699823226,0.30362304948802904,0.369448250688745
SA_672.0_06-Dec-2012_21:26,0.652245972480924,0.15854823685158367,0.1892057906674924
SA_672.0_06-Dec-2012_22:03,0.547789689023695,0.31961774387792086,0.1325925670983841
SA_672.0_06-Dec-2012_22:41,0.6052107836760344,0.2610339020094074,0.133755314314558
SA_672.0_06-Dec-2012_23:19,0.6884070714142191,0.18635593267331874,0.1252369959124623
SA_672.0_06-Dec-2012_23:58,0.6998078762760861,0.1251232006391996,0.1750689230847143
SA_672.0_07-Dec-2012_00:35,0.5553743545783321,0.2467916496138351,0.1978339958078329
SA_672.0_07-Dec-2012_01:10,0.7283211510254518,0.0473842872634102,0.2242945617111379
SA_672.0_07-Dec-2012_02:21,0.8312325877115097,0.13418822598953534,0.03457918629895504
SA_672.0_07-Dec-2012_02:57,0.7043457247410541,0.21431924791007814,0.08133502734886787
SA_672.0_07-Dec-2012_03:33,0.7409466925188195,0.25905330748118055,0.0
SA_672.0_07-Dec-2012_04:09,0.5552360933490265,0.41808009921229755,0.026683807438675856
SA_672.0_07-Dec-2012_04:44,0.6932464653432185,0.3067535346567815,0.0
SA_672.0_07-Dec-2012_05:20,0.7081602199313777,0.29183978006862227,0.0
SA_672.0_07-Dec-2012_05:55,0.4924634154093345,0.22389485137214019,0.28364173321852537
SA_672.0_07-Dec-2012_06:30,0.6777868688650129,0.21498334460111815,0.10722978653386894
SA_672.0_07-Dec-2012_07:04,0.5897992691317271,0.2871751413993346,0.12302558946893823
SA_672.0_07-Dec-2012_07:38,0.579923375761795,0.2404963025138676,0.17958032172433744
SA_672.0_07-Dec-2012_08:15,0.9256795711451777,0.0057426831670397485,0.06857774568778248
SA_672.0_07-Dec-2012_08:56,0.21941143485665,0.02945279828102711,0.7511357668623229
SA_672.0_07-Dec-2012_09:40,0.3895577817128159,0.0,0.6104422182871841
SA_673.0_07-Dec-2012_10:19,0.13245571789573207,0.5881231761395013,0.2794211059647666
SA_673.0_07-Dec-2012_10:56,0.03788422614535795,0.34825988316650347,0.6138558906881385
SA_673.0_07-Dec-2012_11:33,0.0,0.20205252982465466,0.7979474701753454
SA_673.0_07-Dec-2012_12:10,0.0018317472176408185,0.21325407610485858,0.7849141766775005
SA_673.0_07-Dec-2012_12:46,0.0,0.13205661673274452,0.8679433832672555
SA_673.0_07-Dec-2012_13:21,0.054340899673433876,0.22252217743935918,0.723136922887207
SA_673.0_07-Dec-2012_13:57,0.015454113355713549,0.24939382655774553,0.735152060086541
SA_673.0_07-Dec-2012_14:32,0.0,0.18869564078928439,0.8113043592107155
SA_673.0_07-Dec-2012_15:06,0.18116202223247327,0.6082747859222755,0.21056319184525116
SA_673.0_07-Dec-2012_15:41,0.18152359723327607,0.7932418063029781,0.025234596463745783
SA_673.0_07-Dec-2012_16:15,0.20795306169935673,0.7608842721870499,0.031162666113593484
SA_673.0_07-Dec-2012_16:50,0.40290348583802316,0.597096514161977,0.0
SA_673.0_07-Dec-2012_17:25,0.26744756636192607,0.7325524336380739,0.0
SA_673.0_07-Dec-2012_17:59,0.14121829417484752,0.8587817058251526,0.0
SA_673.0_07-Dec-2012_18:34,0.1932674278967208,0.7897174780732499,0.01701509403002922
SA_673.0_07-Dec-2012_19:09,0.1365834935348813,0.7628056255176388,0.10061088094748002
SA_673.0_07-Dec-2012_19:44,0.2436666008267632,0.5355243500765289,0.2208090490967079
SA_673.0_07-Dec-2012_20:19,0.12830860950605572,0.48298044320302363,0.38871094729092065
SA_673.0_07-Dec-2012_20:54,0.21600742376774673,0.48881698685814295,0.29517558937411026
SA_673.0_07-Dec-2012_21:29,0.3677340567643521,0.39688121814388183,0.235384725091766
SA_673.0_07-Dec-2012_22:04,0.3810426652353899,0.47145762601872254,0.14749970874588741
SA_673.0_07-Dec-2012_22:39,0.31651649505461926,0.46289104184446683,0.22059246310091385
SA_673.0_07-Dec-2012_23:14,0.24612761865252328,0.5167704088837483,0.23710197246372833
SA_673.0_07-Dec-2012_23:49,0.5967648306734437,0.4032351693265563,0.0
SA_673.0_08-Dec-2012_00:23,0.6284855679644693,0.3715144320355307,0.0
SA_673.0_08-Dec-2012_00:58,0.46921326201802316,0.5263587313548206,0.004428006627156232
SA_673.0_08-Dec-2012_01:33,0.3565993966872926,0.6434006033127073,0.0
SA_673.0_08-Dec-2012_02:08,0.5849013895027393,0.2741441504047213,0.1409544600925394
SA_673.0_08-Dec-2012_02:43,0.791695617046363,0.17639079921379947,0.031913583739837645
SA_673.0_08-Dec-2012_03:17,0.7087472989417364,0.2544631565726177,0.03678954448564592
SA_673.0_08-Dec-2012_03:52,0.6603554290021115,0.33964457099788853,0.0
SA_673.0_08-Dec-2012_04:27,0.7647385379108629,0.19534746985199686,0.03991399223714029
SA_673.0_08-Dec-2012_05:02,0.783137683019976,0.18901860960974023,0.02784370737028373
SA_673.0_08-Dec-2012_05:36,0.7965193276937917,0.2034806723062083,0.0
SA_673.0_08-Dec-2012_06:08,0.7397552343392612,0.26024476566073884,0.0
SA_673.0_08-Dec-2012_06:40,0.7247673471995175,0.24483588775326037,0.030396765047222118
SA_673.0_08-Dec-2012_07:13,0.8698470245603895,0.13015297543961044,0.0
SA_673.0_08-Dec-2012_07:47,0.8717862857895462,0.11562103628222338,0.012592677928230368
SA_673.0_08-Dec-2012_08:20,0.8001118049184643,0.1610374367516031,0.0388507583299326
SA_673.0_08-Dec-2012_08:54,0.9082160488220336,0.05677258283375217,0.03501136834421421
SA_673.0_08-Dec-2012_09:28,0.9070152823934328,0.013385347194139571,0.07959937041242765
SA_673.0_08-Dec-2012_10:02,0.920030685230009,0.05997312624870528,0.019996188521285655
SA_673.0_08-Dec-2012_10:35,0.9587189313053972,0.0,0.04128106869460283
SA_673.0_08-Dec-2012_11:08,0.7782686131279779,0.221731386872022,0.0
SA_673.0_08-Dec-2012_11:42,0.8159357435200129,0.010913619229403372,0.1731506372505838
SA_673.0_08-Dec-2012_12:14,0.554931821472246,0.445068178527754,0.0
